# 核反应率计算结果汇总
# 能谱文件: Spectrum.txt
# 截面文件目录: TENDL-2025_Ra226_Gamma_Data
# 计算时间: 2025-11-20T03:07:22
#================================================================================
# 产物名称	反应率 R (reactions/s)	积分值 (b*#/cm²*MeV)	数据点数
#================================================================================
rp088225.tot	8.929687e-05	6.093141e-02	53
rp088224.tot	8.079628e-05	5.513106e-02	53
rp088226.tot	2.068349e-06	1.411331e-03	53
rp088223.tot	1.300178e-06	8.871720e-04	53
rp087225.tot	3.213911e-09	2.193001e-06	53
rp088222.tot	2.093323e-09	1.428372e-06	53
rp087224.tot	2.737689e-10	1.868053e-07	53
rp087224.L00	1.454110e-10	9.922067e-08	53
rp087224.L01	1.283579e-10	8.758457e-08	53
rp086221.tot	7.049362e-11	4.810108e-08	53
rp086222.tot	3.119224e-11	2.128392e-08	53
rp086220.tot	4.113371e-12	2.806744e-09	53
rp087223.tot	2.311210e-12	1.577046e-09	53
rp087222.tot	8.397269e-14	5.729848e-11	53
rp086219.tot	3.104363e-15	2.118251e-12	53
rp084218.tot	4.173910e-17	2.848053e-14	53
rp084216.tot	1.858561e-17	1.268183e-14	53
rp084217.tot	1.187917e-18	8.105714e-16	53
rp085221.tot	8.115692e-20	5.537714e-17	53
rp087221.tot	7.071509e-20	4.825220e-17	53
rp086223.tot	1.596329e-20	1.089250e-17	53
rp086218.tot	5.931465e-21	4.047314e-18	53
rp085219.tot	4.488877e-21	3.062970e-18	53
rp086224.tot	2.535656e-21	1.730196e-18	53
rp082214.tot	2.268375e-27	1.547818e-24	53
rp083215.tot	2.268375e-27	1.547818e-24	53
rp083217.tot	2.268375e-27	1.547818e-24	53
rp082212.tot	1.093669e-27	7.462612e-25	53
rp082213.tot	1.093669e-27	7.462612e-25	53
rp083215.L00	7.553161e-31	5.153874e-28	53
rp083215.L09	1.094316e-36	7.467025e-34	53
rp076186.tot	0.000000e+00	0.000000e+00	53
rp076187.tot	0.000000e+00	0.000000e+00	53
rp076188.tot	0.000000e+00	0.000000e+00	53
rp076189.L00	0.000000e+00	0.000000e+00	53
rp076189.L01	0.000000e+00	0.000000e+00	53
rp076189.tot	0.000000e+00	0.000000e+00	53
rp076190.L00	0.000000e+00	0.000000e+00	53
rp076190.L32	0.000000e+00	0.000000e+00	53
rp076190.tot	0.000000e+00	0.000000e+00	53
rp076191.L00	0.000000e+00	0.000000e+00	53
rp076191.L01	0.000000e+00	0.000000e+00	53
rp076191.tot	0.000000e+00	0.000000e+00	53
rp076192.L00	0.000000e+00	0.000000e+00	53
rp076192.L47	0.000000e+00	0.000000e+00	53
rp076192.tot	0.000000e+00	0.000000e+00	53
rp076193.tot	0.000000e+00	0.000000e+00	53
rp076194.tot	0.000000e+00	0.000000e+00	53
rp076195.L00	0.000000e+00	0.000000e+00	53
rp076195.L02	0.000000e+00	0.000000e+00	53
rp076195.tot	0.000000e+00	0.000000e+00	53
rp076196.tot	0.000000e+00	0.000000e+00	53
rp076197.tot	0.000000e+00	0.000000e+00	53
rp076198.tot	0.000000e+00	0.000000e+00	53
rp076199.tot	0.000000e+00	0.000000e+00	53
rp076200.tot	0.000000e+00	0.000000e+00	53
rp076201.tot	0.000000e+00	0.000000e+00	53
rp076202.tot	0.000000e+00	0.000000e+00	53
rp076203.tot	0.000000e+00	0.000000e+00	53
rp076204.tot	0.000000e+00	0.000000e+00	53
rp077188.tot	0.000000e+00	0.000000e+00	53
rp077189.tot	0.000000e+00	0.000000e+00	53
rp077190.L00	0.000000e+00	0.000000e+00	53
rp077190.L02	0.000000e+00	0.000000e+00	53
rp077190.L37	0.000000e+00	0.000000e+00	53
rp077190.tot	0.000000e+00	0.000000e+00	53
rp077191.L00	0.000000e+00	0.000000e+00	53
rp077191.L03	0.000000e+00	0.000000e+00	53
rp077191.L72	0.000000e+00	0.000000e+00	53
rp077191.tot	0.000000e+00	0.000000e+00	53
rp077192.L00	0.000000e+00	0.000000e+00	53
rp077192.L03	0.000000e+00	0.000000e+00	53
rp077192.L15	0.000000e+00	0.000000e+00	53
rp077192.tot	0.000000e+00	0.000000e+00	53
rp077193.L00	0.000000e+00	0.000000e+00	53
rp077193.L02	0.000000e+00	0.000000e+00	53
rp077193.tot	0.000000e+00	0.000000e+00	53
rp077194.L00	0.000000e+00	0.000000e+00	53
rp077194.L38	0.000000e+00	0.000000e+00	53
rp077194.tot	0.000000e+00	0.000000e+00	53
rp077195.L00	0.000000e+00	0.000000e+00	53
rp077195.L02	0.000000e+00	0.000000e+00	53
rp077195.tot	0.000000e+00	0.000000e+00	53
rp077196.L00	0.000000e+00	0.000000e+00	53
rp077196.L04	0.000000e+00	0.000000e+00	53
rp077196.tot	0.000000e+00	0.000000e+00	53
rp077197.L00	0.000000e+00	0.000000e+00	53
rp077197.L02	0.000000e+00	0.000000e+00	53
rp077197.tot	0.000000e+00	0.000000e+00	53
rp077198.tot	0.000000e+00	0.000000e+00	53
rp077199.tot	0.000000e+00	0.000000e+00	53
rp077200.tot	0.000000e+00	0.000000e+00	53
rp077201.tot	0.000000e+00	0.000000e+00	53
rp077202.tot	0.000000e+00	0.000000e+00	53
rp077203.tot	0.000000e+00	0.000000e+00	53
rp077204.tot	0.000000e+00	0.000000e+00	53
rp077205.tot	0.000000e+00	0.000000e+00	53
rp078189.tot	0.000000e+00	0.000000e+00	53
rp078190.tot	0.000000e+00	0.000000e+00	53
rp078191.tot	0.000000e+00	0.000000e+00	53
rp078192.tot	0.000000e+00	0.000000e+00	53
rp078193.L00	0.000000e+00	0.000000e+00	53
rp078193.L05	0.000000e+00	0.000000e+00	53
rp078193.tot	0.000000e+00	0.000000e+00	53
rp078194.tot	0.000000e+00	0.000000e+00	53
rp078195.L00	0.000000e+00	0.000000e+00	53
rp078195.L07	0.000000e+00	0.000000e+00	53
rp078195.tot	0.000000e+00	0.000000e+00	53
rp078196.tot	0.000000e+00	0.000000e+00	53
rp078197.L00	0.000000e+00	0.000000e+00	53
rp078197.L09	0.000000e+00	0.000000e+00	53
rp078197.tot	0.000000e+00	0.000000e+00	53
rp078198.tot	0.000000e+00	0.000000e+00	53
rp078199.L00	0.000000e+00	0.000000e+00	53
rp078199.L08	0.000000e+00	0.000000e+00	53
rp078199.tot	0.000000e+00	0.000000e+00	53
rp078200.tot	0.000000e+00	0.000000e+00	53
rp078201.tot	0.000000e+00	0.000000e+00	53
rp078202.tot	0.000000e+00	0.000000e+00	53
rp078203.L00	0.000000e+00	0.000000e+00	53
rp078203.L02	0.000000e+00	0.000000e+00	53
rp078203.tot	0.000000e+00	0.000000e+00	53
rp078204.tot	0.000000e+00	0.000000e+00	53
rp078205.tot	0.000000e+00	0.000000e+00	53
rp078206.tot	0.000000e+00	0.000000e+00	53
rp078207.tot	0.000000e+00	0.000000e+00	53
rp078208.tot	0.000000e+00	0.000000e+00	53
rp079190.tot	0.000000e+00	0.000000e+00	53
rp079191.L00	0.000000e+00	0.000000e+00	53
rp079191.L04	0.000000e+00	0.000000e+00	53
rp079191.tot	0.000000e+00	0.000000e+00	53
rp079192.L00	0.000000e+00	0.000000e+00	53
rp079192.L15	0.000000e+00	0.000000e+00	53
rp079192.tot	0.000000e+00	0.000000e+00	53
rp079193.L00	0.000000e+00	0.000000e+00	53
rp079193.L04	0.000000e+00	0.000000e+00	53
rp079193.tot	0.000000e+00	0.000000e+00	53
rp079194.L00	0.000000e+00	0.000000e+00	53
rp079194.L03	0.000000e+00	0.000000e+00	53
rp079194.L08	0.000000e+00	0.000000e+00	53
rp079194.tot	0.000000e+00	0.000000e+00	53
rp079195.L00	0.000000e+00	0.000000e+00	53
rp079195.L04	0.000000e+00	0.000000e+00	53
rp079195.tot	0.000000e+00	0.000000e+00	53
rp079196.L00	0.000000e+00	0.000000e+00	53
rp079196.L03	0.000000e+00	0.000000e+00	53
rp079196.L54	0.000000e+00	0.000000e+00	53
rp079196.tot	0.000000e+00	0.000000e+00	53
rp079197.L00	0.000000e+00	0.000000e+00	53
rp079197.L04	0.000000e+00	0.000000e+00	53
rp079197.tot	0.000000e+00	0.000000e+00	53
rp079198.L00	0.000000e+00	0.000000e+00	53
rp079198.L51	0.000000e+00	0.000000e+00	53
rp079198.tot	0.000000e+00	0.000000e+00	53
rp079199.tot	0.000000e+00	0.000000e+00	53
rp079200.L00	0.000000e+00	0.000000e+00	53
rp079200.L11	0.000000e+00	0.000000e+00	53
rp079200.tot	0.000000e+00	0.000000e+00	53
rp079201.tot	0.000000e+00	0.000000e+00	53
rp079202.tot	0.000000e+00	0.000000e+00	53
rp079203.tot	0.000000e+00	0.000000e+00	53
rp079204.tot	0.000000e+00	0.000000e+00	53
rp079205.L00	0.000000e+00	0.000000e+00	53
rp079205.L01	0.000000e+00	0.000000e+00	53
rp079205.tot	0.000000e+00	0.000000e+00	53
rp079206.tot	0.000000e+00	0.000000e+00	53
rp079207.tot	0.000000e+00	0.000000e+00	53
rp079208.tot	0.000000e+00	0.000000e+00	53
rp079209.tot	0.000000e+00	0.000000e+00	53
rp079210.tot	0.000000e+00	0.000000e+00	53
rp080191.L00	0.000000e+00	0.000000e+00	53
rp080191.L03	0.000000e+00	0.000000e+00	53
rp080191.tot	0.000000e+00	0.000000e+00	53
rp080192.tot	0.000000e+00	0.000000e+00	53
rp080193.L00	0.000000e+00	0.000000e+00	53
rp080193.L03	0.000000e+00	0.000000e+00	53
rp080193.tot	0.000000e+00	0.000000e+00	53
rp080194.tot	0.000000e+00	0.000000e+00	53
rp080195.L00	0.000000e+00	0.000000e+00	53
rp080195.L03	0.000000e+00	0.000000e+00	53
rp080195.tot	0.000000e+00	0.000000e+00	53
rp080196.tot	0.000000e+00	0.000000e+00	53
rp080197.L00	0.000000e+00	0.000000e+00	53
rp080197.L04	0.000000e+00	0.000000e+00	53
rp080197.tot	0.000000e+00	0.000000e+00	53
rp080198.tot	0.000000e+00	0.000000e+00	53
rp080199.L00	0.000000e+00	0.000000e+00	53
rp080199.L07	0.000000e+00	0.000000e+00	53
rp080199.tot	0.000000e+00	0.000000e+00	53
rp080200.tot	0.000000e+00	0.000000e+00	53
rp080201.tot	0.000000e+00	0.000000e+00	53
rp080202.tot	0.000000e+00	0.000000e+00	53
rp080203.tot	0.000000e+00	0.000000e+00	53
rp080204.tot	0.000000e+00	0.000000e+00	53
rp080205.tot	0.000000e+00	0.000000e+00	53
rp080206.tot	0.000000e+00	0.000000e+00	53
rp080207.tot	0.000000e+00	0.000000e+00	53
rp080208.tot	0.000000e+00	0.000000e+00	53
rp080209.tot	0.000000e+00	0.000000e+00	53
rp080210.tot	0.000000e+00	0.000000e+00	53
rp080211.tot	0.000000e+00	0.000000e+00	53
rp080212.tot	0.000000e+00	0.000000e+00	53
rp080213.tot	0.000000e+00	0.000000e+00	53
rp080214.tot	0.000000e+00	0.000000e+00	53
rp081193.L00	0.000000e+00	0.000000e+00	53
rp081193.L02	0.000000e+00	0.000000e+00	53
rp081193.tot	0.000000e+00	0.000000e+00	53
rp081194.L00	0.000000e+00	0.000000e+00	53
rp081194.L04	0.000000e+00	0.000000e+00	53
rp081194.tot	0.000000e+00	0.000000e+00	53
rp081195.L00	0.000000e+00	0.000000e+00	53
rp081195.L02	0.000000e+00	0.000000e+00	53
rp081195.tot	0.000000e+00	0.000000e+00	53
rp081196.L00	0.000000e+00	0.000000e+00	53
rp081196.L06	0.000000e+00	0.000000e+00	53
rp081196.tot	0.000000e+00	0.000000e+00	53
rp081197.L00	0.000000e+00	0.000000e+00	53
rp081197.L02	0.000000e+00	0.000000e+00	53
rp081197.tot	0.000000e+00	0.000000e+00	53
rp081198.L00	0.000000e+00	0.000000e+00	53
rp081198.L07	0.000000e+00	0.000000e+00	53
rp081198.tot	0.000000e+00	0.000000e+00	53
rp081199.tot	0.000000e+00	0.000000e+00	53
rp081200.tot	0.000000e+00	0.000000e+00	53
rp081201.tot	0.000000e+00	0.000000e+00	53
rp081202.tot	0.000000e+00	0.000000e+00	53
rp081203.tot	0.000000e+00	0.000000e+00	53
rp081204.tot	0.000000e+00	0.000000e+00	53
rp081205.tot	0.000000e+00	0.000000e+00	53
rp081206.L00	0.000000e+00	0.000000e+00	53
rp081206.L45	0.000000e+00	0.000000e+00	53
rp081206.tot	0.000000e+00	0.000000e+00	53
rp081207.L00	0.000000e+00	0.000000e+00	53
rp081207.L02	0.000000e+00	0.000000e+00	53
rp081207.tot	0.000000e+00	0.000000e+00	53
rp081208.tot	0.000000e+00	0.000000e+00	53
rp081209.tot	0.000000e+00	0.000000e+00	53
rp081210.tot	0.000000e+00	0.000000e+00	53
rp081211.tot	0.000000e+00	0.000000e+00	53
rp081212.tot	0.000000e+00	0.000000e+00	53
rp081213.tot	0.000000e+00	0.000000e+00	53
rp081214.tot	0.000000e+00	0.000000e+00	53
rp081215.tot	0.000000e+00	0.000000e+00	53
rp081216.tot	0.000000e+00	0.000000e+00	53
rp081217.tot	0.000000e+00	0.000000e+00	53
rp082194.tot	0.000000e+00	0.000000e+00	53
rp082195.L00	0.000000e+00	0.000000e+00	53
rp082195.L02	0.000000e+00	0.000000e+00	53
rp082195.tot	0.000000e+00	0.000000e+00	53
rp082196.tot	0.000000e+00	0.000000e+00	53
rp082197.L00	0.000000e+00	0.000000e+00	53
rp082197.L02	0.000000e+00	0.000000e+00	53
rp082197.tot	0.000000e+00	0.000000e+00	53
rp082198.tot	0.000000e+00	0.000000e+00	53
rp082199.L00	0.000000e+00	0.000000e+00	53
rp082199.L01	0.000000e+00	0.000000e+00	53
rp082199.tot	0.000000e+00	0.000000e+00	53
rp082200.tot	0.000000e+00	0.000000e+00	53
rp082201.L00	0.000000e+00	0.000000e+00	53
rp082201.L04	0.000000e+00	0.000000e+00	53
rp082201.tot	0.000000e+00	0.000000e+00	53
rp082202.L00	0.000000e+00	0.000000e+00	53
rp082202.L14	0.000000e+00	0.000000e+00	53
rp082202.tot	0.000000e+00	0.000000e+00	53
rp082203.L00	0.000000e+00	0.000000e+00	53
rp082203.L06	0.000000e+00	0.000000e+00	53
rp082203.L51	0.000000e+00	0.000000e+00	53
rp082203.tot	0.000000e+00	0.000000e+00	53
rp082204.L00	0.000000e+00	0.000000e+00	53
rp082204.L21	0.000000e+00	0.000000e+00	53
rp082204.tot	0.000000e+00	0.000000e+00	53
rp082205.tot	0.000000e+00	0.000000e+00	53
rp082206.tot	0.000000e+00	0.000000e+00	53
rp082207.L00	0.000000e+00	0.000000e+00	53
rp082207.L03	0.000000e+00	0.000000e+00	53
rp082207.tot	0.000000e+00	0.000000e+00	53
rp082208.tot	0.000000e+00	0.000000e+00	53
rp082209.tot	0.000000e+00	0.000000e+00	53
rp082210.tot	0.000000e+00	0.000000e+00	53
rp082211.tot	0.000000e+00	0.000000e+00	53
rp082215.tot	0.000000e+00	0.000000e+00	53
rp082216.tot	0.000000e+00	0.000000e+00	53
rp082217.tot	0.000000e+00	0.000000e+00	53
rp082218.tot	0.000000e+00	0.000000e+00	53
rp082219.tot	0.000000e+00	0.000000e+00	53
rp082220.tot	0.000000e+00	0.000000e+00	53
rp083196.L00	0.000000e+00	0.000000e+00	53
rp083196.L02	0.000000e+00	0.000000e+00	53
rp083196.L03	0.000000e+00	0.000000e+00	53
rp083196.tot	0.000000e+00	0.000000e+00	53
rp083197.L00	0.000000e+00	0.000000e+00	53
rp083197.L01	0.000000e+00	0.000000e+00	53
rp083197.tot	0.000000e+00	0.000000e+00	53
rp083198.L00	0.000000e+00	0.000000e+00	53
rp083198.L03	0.000000e+00	0.000000e+00	53
rp083198.L04	0.000000e+00	0.000000e+00	53
rp083198.tot	0.000000e+00	0.000000e+00	53
rp083199.L00	0.000000e+00	0.000000e+00	53
rp083199.L01	0.000000e+00	0.000000e+00	53
rp083199.tot	0.000000e+00	0.000000e+00	53
rp083200.L00	0.000000e+00	0.000000e+00	53
rp083200.L01	0.000000e+00	0.000000e+00	53
rp083200.L02	0.000000e+00	0.000000e+00	53
rp083200.tot	0.000000e+00	0.000000e+00	53
rp083201.L00	0.000000e+00	0.000000e+00	53
rp083201.L01	0.000000e+00	0.000000e+00	53
rp083201.tot	0.000000e+00	0.000000e+00	53
rp083202.tot	0.000000e+00	0.000000e+00	53
rp083203.L00	0.000000e+00	0.000000e+00	53
rp083203.L06	0.000000e+00	0.000000e+00	53
rp083203.tot	0.000000e+00	0.000000e+00	53
rp083204.tot	0.000000e+00	0.000000e+00	53
rp083205.tot	0.000000e+00	0.000000e+00	53
rp083206.tot	0.000000e+00	0.000000e+00	53
rp083207.tot	0.000000e+00	0.000000e+00	53
rp083208.tot	0.000000e+00	0.000000e+00	53
rp083209.tot	0.000000e+00	0.000000e+00	53
rp083210.L00	0.000000e+00	0.000000e+00	53
rp083210.L02	0.000000e+00	0.000000e+00	53
rp083210.tot	0.000000e+00	0.000000e+00	53
rp083211.tot	0.000000e+00	0.000000e+00	53
rp083212.L00	0.000000e+00	0.000000e+00	53
rp083212.L05	0.000000e+00	0.000000e+00	53
rp083212.L12	0.000000e+00	0.000000e+00	53
rp083212.tot	0.000000e+00	0.000000e+00	53
rp083213.tot	0.000000e+00	0.000000e+00	53
rp083214.L00	0.000000e+00	0.000000e+00	53
rp083214.L09	0.000000e+00	0.000000e+00	53
rp083214.tot	0.000000e+00	0.000000e+00	53
rp083216.L00	0.000000e+00	0.000000e+00	53
rp083216.L01	0.000000e+00	0.000000e+00	53
rp083216.tot	0.000000e+00	0.000000e+00	53
rp083218.tot	0.000000e+00	0.000000e+00	53
rp083219.tot	0.000000e+00	0.000000e+00	53
rp083220.tot	0.000000e+00	0.000000e+00	53
rp083221.tot	0.000000e+00	0.000000e+00	53
rp084197.L00	0.000000e+00	0.000000e+00	53
rp084197.L02	0.000000e+00	0.000000e+00	53
rp084197.tot	0.000000e+00	0.000000e+00	53
rp084198.tot	0.000000e+00	0.000000e+00	53
rp084199.L00	0.000000e+00	0.000000e+00	53
rp084199.L02	0.000000e+00	0.000000e+00	53
rp084199.tot	0.000000e+00	0.000000e+00	53
rp084200.tot	0.000000e+00	0.000000e+00	53
rp084201.L00	0.000000e+00	0.000000e+00	53
rp084201.L03	0.000000e+00	0.000000e+00	53
rp084201.tot	0.000000e+00	0.000000e+00	53
rp084202.tot	0.000000e+00	0.000000e+00	53
rp084203.L00	0.000000e+00	0.000000e+00	53
rp084203.L05	0.000000e+00	0.000000e+00	53
rp084203.tot	0.000000e+00	0.000000e+00	53
rp084204.tot	0.000000e+00	0.000000e+00	53
rp084205.tot	0.000000e+00	0.000000e+00	53
rp084206.tot	0.000000e+00	0.000000e+00	53
rp084207.L00	0.000000e+00	0.000000e+00	53
rp084207.L14	0.000000e+00	0.000000e+00	53
rp084207.tot	0.000000e+00	0.000000e+00	53
rp084208.tot	0.000000e+00	0.000000e+00	53
rp084209.tot	0.000000e+00	0.000000e+00	53
rp084210.tot	0.000000e+00	0.000000e+00	53
rp084211.L00	0.000000e+00	0.000000e+00	53
rp084211.L14	0.000000e+00	0.000000e+00	53
rp084211.tot	0.000000e+00	0.000000e+00	53
rp084212.L00	0.000000e+00	0.000000e+00	53
rp084212.L57	0.000000e+00	0.000000e+00	53
rp084212.tot	0.000000e+00	0.000000e+00	53
rp084213.tot	0.000000e+00	0.000000e+00	53
rp084214.tot	0.000000e+00	0.000000e+00	53
rp084215.tot	0.000000e+00	0.000000e+00	53
rp084219.tot	0.000000e+00	0.000000e+00	53
rp084220.tot	0.000000e+00	0.000000e+00	53
rp084221.tot	0.000000e+00	0.000000e+00	53
rp084222.tot	0.000000e+00	0.000000e+00	53
rp085199.tot	0.000000e+00	0.000000e+00	53
rp085200.L00	0.000000e+00	0.000000e+00	53
rp085200.L01	0.000000e+00	0.000000e+00	53
rp085200.L03	0.000000e+00	0.000000e+00	53
rp085200.tot	0.000000e+00	0.000000e+00	53
rp085201.tot	0.000000e+00	0.000000e+00	53
rp085202.L00	0.000000e+00	0.000000e+00	53
rp085202.L01	0.000000e+00	0.000000e+00	53
rp085202.tot	0.000000e+00	0.000000e+00	53
rp085203.tot	0.000000e+00	0.000000e+00	53
rp085204.L00	0.000000e+00	0.000000e+00	53
rp085204.L01	0.000000e+00	0.000000e+00	53
rp085204.tot	0.000000e+00	0.000000e+00	53
rp085205.tot	0.000000e+00	0.000000e+00	53
rp085206.tot	0.000000e+00	0.000000e+00	53
rp085207.tot	0.000000e+00	0.000000e+00	53
rp085208.tot	0.000000e+00	0.000000e+00	53
rp085209.tot	0.000000e+00	0.000000e+00	53
rp085210.tot	0.000000e+00	0.000000e+00	53
rp085211.tot	0.000000e+00	0.000000e+00	53
rp085212.L00	0.000000e+00	0.000000e+00	53
rp085212.L04	0.000000e+00	0.000000e+00	53
rp085212.tot	0.000000e+00	0.000000e+00	53
rp085213.tot	0.000000e+00	0.000000e+00	53
rp085214.tot	0.000000e+00	0.000000e+00	53
rp085215.tot	0.000000e+00	0.000000e+00	53
rp085216.tot	0.000000e+00	0.000000e+00	53
rp085217.tot	0.000000e+00	0.000000e+00	53
rp085218.tot	0.000000e+00	0.000000e+00	53
rp085220.tot	0.000000e+00	0.000000e+00	53
rp085222.tot	0.000000e+00	0.000000e+00	53
rp085223.tot	0.000000e+00	0.000000e+00	53
rp086200.tot	0.000000e+00	0.000000e+00	53
rp086201.L00	0.000000e+00	0.000000e+00	53
rp086201.L01	0.000000e+00	0.000000e+00	53
rp086201.tot	0.000000e+00	0.000000e+00	53
rp086202.tot	0.000000e+00	0.000000e+00	53
rp086203.L00	0.000000e+00	0.000000e+00	53
rp086203.L01	0.000000e+00	0.000000e+00	53
rp086203.tot	0.000000e+00	0.000000e+00	53
rp086204.tot	0.000000e+00	0.000000e+00	53
rp086205.L00	0.000000e+00	0.000000e+00	53
rp086205.L06	0.000000e+00	0.000000e+00	53
rp086205.tot	0.000000e+00	0.000000e+00	53
rp086206.tot	0.000000e+00	0.000000e+00	53
rp086207.tot	0.000000e+00	0.000000e+00	53
rp086208.tot	0.000000e+00	0.000000e+00	53
rp086209.tot	0.000000e+00	0.000000e+00	53
rp086210.tot	0.000000e+00	0.000000e+00	53
rp086211.tot	0.000000e+00	0.000000e+00	53
rp086212.tot	0.000000e+00	0.000000e+00	53
rp086213.tot	0.000000e+00	0.000000e+00	53
rp086214.tot	0.000000e+00	0.000000e+00	53
rp086215.tot	0.000000e+00	0.000000e+00	53
rp086216.tot	0.000000e+00	0.000000e+00	53
rp086217.tot	0.000000e+00	0.000000e+00	53
rp087204.L00	0.000000e+00	0.000000e+00	53
rp087204.L01	0.000000e+00	0.000000e+00	53
rp087204.L02	0.000000e+00	0.000000e+00	53
rp087204.tot	0.000000e+00	0.000000e+00	53
rp087205.tot	0.000000e+00	0.000000e+00	53
rp087206.L00	0.000000e+00	0.000000e+00	53
rp087206.L01	0.000000e+00	0.000000e+00	53
rp087206.tot	0.000000e+00	0.000000e+00	53
rp087207.tot	0.000000e+00	0.000000e+00	53
rp087208.tot	0.000000e+00	0.000000e+00	53
rp087209.tot	0.000000e+00	0.000000e+00	53
rp087210.tot	0.000000e+00	0.000000e+00	53
rp087211.tot	0.000000e+00	0.000000e+00	53
rp087212.tot	0.000000e+00	0.000000e+00	53
rp087213.tot	0.000000e+00	0.000000e+00	53
rp087214.tot	0.000000e+00	0.000000e+00	53
rp087215.tot	0.000000e+00	0.000000e+00	53
rp087216.tot	0.000000e+00	0.000000e+00	53
rp087217.tot	0.000000e+00	0.000000e+00	53
rp087218.tot	0.000000e+00	0.000000e+00	53
rp087219.tot	0.000000e+00	0.000000e+00	53
rp087220.tot	0.000000e+00	0.000000e+00	53
rp088205.L00	0.000000e+00	0.000000e+00	53
rp088205.L01	0.000000e+00	0.000000e+00	53
rp088205.tot	0.000000e+00	0.000000e+00	53
rp088206.tot	0.000000e+00	0.000000e+00	53
rp088207.tot	0.000000e+00	0.000000e+00	53
rp088208.tot	0.000000e+00	0.000000e+00	53
rp088209.tot	0.000000e+00	0.000000e+00	53
rp088210.tot	0.000000e+00	0.000000e+00	53
rp088211.tot	0.000000e+00	0.000000e+00	53
rp088212.tot	0.000000e+00	0.000000e+00	53
rp088213.tot	0.000000e+00	0.000000e+00	53
rp088214.tot	0.000000e+00	0.000000e+00	53
rp088215.tot	0.000000e+00	0.000000e+00	53
rp088216.tot	0.000000e+00	0.000000e+00	53
rp088217.tot	0.000000e+00	0.000000e+00	53
rp088218.tot	0.000000e+00	0.000000e+00	53
rp088219.tot	0.000000e+00	0.000000e+00	53
rp088220.tot	0.000000e+00	0.000000e+00	53
rp088221.tot	0.000000e+00	0.000000e+00	53
