Cells	User	Value	Error
1	1001.0	0.0	0.0
1	1002.0	0.0	0.0
1	1003.0	0.0	0.0
1	2003.0	0.0	0.0
1	2004.0	0.0	0.0
1	2005.0	0.0	0.0
1	2006.0	0.0	0.0
1	2007.0	0.0	0.0
1	2008.0	0.0	0.0
1	3005.0	0.0	0.0
1	3006.0	0.0	0.0
1	3007.0	0.0	0.0
1	3008.0	0.0	0.0
1	3009.0	0.0	0.0
1	3010.0	0.0	0.0
1	3011.0	0.0	0.0
1	4006.0	0.0	0.0
1	4007.0	0.0	0.0
1	4008.0	0.0	0.0
1	4009.0	0.0	0.0
1	4010.0	0.0	0.0
1	4011.0	0.0	0.0
1	4012.0	0.0	0.0
1	4013.0	0.0	0.0
1	4014.0	0.0	0.0
1	5008.0	0.0	0.0
1	5009.0	0.0	0.0
1	5010.0	0.0	0.0
1	5011.0	0.0	0.0
1	5012.0	0.0	0.0
1	5013.0	0.0	0.0
1	5014.0	0.0	0.0
1	5015.0	0.0	0.0
1	5016.0	0.0	0.0
1	5017.0	0.0	0.0
1	6008.0	0.0	0.0
1	6009.0	0.0	0.0
1	6010.0	0.0	0.0
1	6011.0	0.0	0.0
1	6012.0	0.0	0.0
1	6013.0	0.0	0.0
1	6014.0	0.0	0.0
1	6015.0	0.0	0.0
1	6016.0	0.0	0.0
1	6017.0	0.0	0.0
1	6018.0	0.0	0.0
1	6019.0	0.0	0.0
1	6020.0	0.0	0.0
1	7011.0	0.0	0.0
1	7012.0	0.0	0.0
1	7013.0	0.0	0.0
1	7014.0	0.0	0.0
1	7015.0	0.0	0.0
1	7016.0	0.0	0.0
1	7017.0	0.0	0.0
1	7018.0	0.0	0.0
1	7019.0	0.0	0.0
1	7020.0	0.0	0.0
1	7021.0	0.0	0.0
1	7022.0	0.0	0.0
1	7023.0	0.0	0.0
1	8013.0	0.0	0.0
1	8014.0	0.0	0.0
1	8015.0	0.0	0.0
1	8016.0	0.0	0.0
1	8017.0	0.0	0.0
1	8018.0	0.0	0.0
1	8019.0	0.0	0.0
1	8020.0	0.0	0.0
1	8021.0	0.0	0.0
1	8022.0	0.0	0.0
1	8023.0	0.0	0.0
1	8024.0	0.0	0.0
1	9015.0	0.0	0.0
1	9016.0	0.0	0.0
1	9017.0	0.0	0.0
1	9018.0	0.0	0.0
1	9019.0	0.0	0.0
1	9020.0	0.0	0.0
1	9021.0	0.0	0.0
1	9022.0	0.0	0.0
1	9023.0	0.0	0.0
1	9024.0	0.0	0.0
1	9025.0	0.0	0.0
1	9026.0	0.0	0.0
1	9027.0	0.0	0.0
1	10017.0	0.0	0.0
1	10018.0	0.0	0.0
1	10019.0	0.0	0.0
1	10020.0	0.0	0.0
1	10021.0	0.0	0.0
1	10022.0	0.0	0.0
1	10023.0	0.0	0.0
1	10024.0	0.0	0.0
1	10025.0	0.0	0.0
1	10026.0	0.0	0.0
1	10027.0	0.0	0.0
1	10028.0	0.0	0.0
1	11019.0	0.0	0.0
1	11020.0	0.0	0.0
1	11021.0	0.0	0.0
1	11022.0	0.0	0.0
1	11023.0	0.0	0.0
1	11024.0	0.0	0.0
1	11025.0	0.0	0.0
1	11026.0	0.0	0.0
1	11027.0	0.0	0.0
1	11028.0	0.0	0.0
1	11029.0	0.0	0.0
1	11030.0	0.0	0.0
1	11031.0	0.0	0.0
1	11032.0	0.0	0.0
1	11033.0	0.0	0.0
1	11034.0	0.0	0.0
1	11035.0	0.0	0.0
1	12020.0	0.0	0.0
1	12021.0	0.0	0.0
1	12022.0	0.0	0.0
1	12023.0	0.0	0.0
1	12024.0	0.0	0.0
1	12025.0	0.0	0.0
1	12026.0	0.0	0.0
1	12027.0	0.0	0.0
1	12028.0	0.0	0.0
1	12029.0	0.0	0.0
1	12030.0	0.0	0.0
1	12031.0	0.0	0.0
1	12032.0	0.0	0.0
1	12033.0	0.0	0.0
1	12034.0	0.0	0.0
1	13022.0	0.0	0.0
1	13023.0	0.0	0.0
1	13024.0	0.0	0.0
1	13025.0	0.0	0.0
1	13026.0	0.0	0.0
1	13027.0	0.0	0.0
1	13028.0	0.0	0.0
1	13029.0	0.0	0.0
1	13030.0	0.0	0.0
1	13031.0	0.0	0.0
1	13032.0	0.0	0.0
1	13033.0	0.0	0.0
1	13034.0	0.0	0.0
1	13035.0	0.0	0.0
1	14024.0	0.0	0.0
1	14025.0	0.0	0.0
1	14026.0	0.0	0.0
1	14027.0	0.0	0.0
1	14028.0	0.0	0.0
1	14029.0	0.0	0.0
1	14030.0	0.0	0.0
1	14031.0	0.0	0.0
1	14032.0	0.0	0.0
1	14033.0	0.0	0.0
1	14034.0	0.0	0.0
1	14035.0	0.0	0.0
1	14036.0	0.0	0.0
1	14037.0	0.0	0.0
1	14038.0	0.0	0.0
1	14039.0	0.0	0.0
1	15026.0	0.0	0.0
1	15027.0	0.0	0.0
1	15028.0	0.0	0.0
1	15029.0	0.0	0.0
1	15030.0	0.0	0.0
1	15031.0	0.0	0.0
1	15032.0	0.0	0.0
1	15033.0	0.0	0.0
1	15034.0	0.0	0.0
1	15035.0	0.0	0.0
1	15036.0	0.0	0.0
1	15037.0	0.0	0.0
1	15038.0	0.0	0.0
1	15039.0	0.0	0.0
1	15040.0	0.0	0.0
1	15041.0	0.0	0.0
1	15042.0	0.0	0.0
1	16029.0	0.0	0.0
1	16030.0	0.0	0.0
1	16031.0	0.0	0.0
1	16032.0	0.0	0.0
1	16033.0	0.0	0.0
1	16034.0	0.0	0.0
1	16035.0	0.0	0.0
1	16036.0	0.0	0.0
1	16037.0	0.0	0.0
1	16038.0	0.0	0.0
1	16039.0	0.0	0.0
1	16040.0	0.0	0.0
1	16041.0	0.0	0.0
1	16042.0	0.0	0.0
1	16043.0	0.0	0.0
1	16044.0	0.0	0.0
1	17031.0	0.0	0.0
1	17032.0	0.0	0.0
1	17033.0	0.0	0.0
1	17034.0	0.0	0.0
1	17035.0	0.0	0.0
1	17036.0	0.0	0.0
1	17037.0	0.0	0.0
1	17038.0	0.0	0.0
1	17039.0	0.0	0.0
1	17040.0	0.0	0.0
1	17041.0	0.0	0.0
1	17042.0	0.0	0.0
1	17043.0	0.0	0.0
1	17044.0	0.0	0.0
1	17045.0	0.0	0.0
1	18032.0	0.0	0.0
1	18033.0	0.0	0.0
1	18034.0	0.0	0.0
1	18035.0	0.0	0.0
1	18036.0	0.0	0.0
1	18037.0	0.0	0.0
1	18038.0	0.0	0.0
1	18039.0	0.0	0.0
1	18040.0	0.0	0.0
1	18041.0	0.0	0.0
1	18042.0	0.0	0.0
1	18043.0	0.0	0.0
1	18044.0	0.0	0.0
1	18045.0	0.0	0.0
1	18046.0	0.0	0.0
1	19035.0	0.0	0.0
1	19036.0	0.0	0.0
1	19037.0	0.0	0.0
1	19038.0	0.0	0.0
1	19039.0	0.0	0.0
1	19040.0	0.0	0.0
1	19041.0	0.0	0.0
1	19042.0	0.0	0.0
1	19043.0	0.0	0.0
1	19044.0	0.0	0.0
1	19045.0	0.0	0.0
1	19046.0	0.0	0.0
1	19047.0	0.0	0.0
1	19048.0	0.0	0.0
1	19049.0	0.0	0.0
1	19050.0	0.0	0.0
1	19051.0	0.0	0.0
1	20036.0	0.0	0.0
1	20037.0	0.0	0.0
1	20038.0	0.0	0.0
1	20039.0	0.0	0.0
1	20040.0	0.0	0.0
1	20041.0	0.0	0.0
1	20042.0	0.0	0.0
1	20043.0	0.0	0.0
1	20044.0	0.0	0.0
1	20045.0	0.0	0.0
1	20046.0	0.0	0.0
1	20047.0	0.0	0.0
1	20048.0	0.0	0.0
1	20049.0	0.0	0.0
1	20050.0	0.0	0.0
1	20051.0	0.0	0.0
1	21040.0	0.0	0.0
1	21041.0	0.0	0.0
1	21042.0	0.0	0.0
1	21043.0	0.0	0.0
1	21044.0	0.0	0.0
1	21045.0	0.0	0.0
1	21046.0	0.0	0.0
1	21047.0	0.0	0.0
1	21048.0	0.0	0.0
1	21049.0	0.0	0.0
1	21050.0	0.0	0.0
1	21051.0	0.0	0.0
1	22041.0	0.0	0.0
1	22042.0	0.0	0.0
1	22043.0	0.0	0.0
1	22044.0	0.0	0.0
1	22045.0	0.0	0.0
1	22046.0	0.0	0.0
1	22047.0	0.0	0.0
1	22048.0	0.0	0.0
1	22049.0	0.0	0.0
1	22050.0	0.0	0.0
1	22051.0	0.0	0.0
1	22052.0	0.0	0.0
1	22053.0	0.0	0.0
1	22054.0	0.0	0.0
1	23044.0	0.0	0.0
1	23045.0	0.0	0.0
1	23046.0	0.0	0.0
1	23047.0	0.0	0.0
1	23048.0	0.0	0.0
1	23049.0	0.0	0.0
1	23050.0	0.0	0.0
1	23051.0	0.0	0.0
1	23052.0	0.0	0.0
1	23053.0	0.0	0.0
1	23054.0	0.0	0.0
1	23055.0	0.0	0.0
1	23056.0	0.0	0.0
1	24045.0	0.0	0.0
1	24046.0	0.0	0.0
1	24047.0	0.0	0.0
1	24048.0	0.0	0.0
1	24049.0	0.0	0.0
1	24050.0	0.0	0.0
1	24051.0	0.0	0.0
1	24052.0	0.0	0.0
1	24053.0	0.0	0.0
1	24054.0	0.0	0.0
1	24055.0	0.0	0.0
1	24056.0	0.0	0.0
1	24057.0	0.0	0.0
1	24058.0	0.0	0.0
1	24059.0	0.0	0.0
1	25049.0	0.0	0.0
1	25050.0	0.0	0.0
1	25051.0	0.0	0.0
1	25052.0	0.0	0.0
1	25053.0	0.0	0.0
1	25054.0	0.0	0.0
1	25055.0	0.0	0.0
1	25056.0	0.0	0.0
1	25057.0	0.0	0.0
1	25058.0	0.0	0.0
1	25059.0	0.0	0.0
1	25060.0	0.0	0.0
1	25061.0	0.0	0.0
1	25062.0	0.0	0.0
1	26049.0	0.0	0.0
1	26050.0	0.0	0.0
1	26051.0	0.0	0.0
1	26052.0	0.0	0.0
1	26053.0	0.0	0.0
1	26054.0	0.0	0.0
1	26055.0	0.0	0.0
1	26056.0	0.0	0.0
1	26057.0	0.0	0.0
1	26058.0	0.0	0.0
1	26059.0	0.0	0.0
1	26060.0	0.0	0.0
1	26061.0	0.0	0.0
1	26062.0	0.0	0.0
1	26063.0	0.0	0.0
1	26064.0	0.0	0.0
1	27053.0	0.0	0.0
1	27054.0	0.0	0.0
1	27055.0	0.0	0.0
1	27056.0	0.0	0.0
1	27057.0	0.0	0.0
1	27058.0	0.0	0.0
1	27059.0	0.0	0.0
1	27060.0	0.0	0.0
1	27061.0	5.4e-06	0.043
1	27062.0	0.0	0.0
1	27063.0	0.0	0.0
1	27064.0	0.0	0.0
1	28053.0	0.0	0.0
1	28054.0	0.0	0.0
1	28055.0	0.0	0.0
1	28056.0	0.0	0.0
1	28057.0	0.0	0.0
1	28058.0	0.0	0.0
1	28059.0	0.0	0.0
1	28060.0	0.0	0.0
1	28061.0	0.0	0.0
1	28062.0	1e-08	1.0
1	28063.0	1.33e-06	0.0867
1	28064.0	0.00087064	0.0034
1	28065.0	0.0	0.0
1	28066.0	0.0	0.0
1	28067.0	0.0	0.0
1	28068.0	0.0	0.0
1	29057.0	0.0	0.0
1	29058.0	0.0	0.0
1	29059.0	0.0	0.0
1	29060.0	0.0	0.0
1	29061.0	0.0	0.0
1	29062.0	0.0	0.0
1	29063.0	0.00046936	0.0046
1	29064.0	0.00034663	0.0054
1	29065.0	0.0	0.0
1	29066.0	0.0	0.0
1	29067.0	0.0	0.0
1	29068.0	0.0	0.0
1	29069.0	0.0	0.0
1	29070.0	0.0	0.0
1	29071.0	0.0	0.0
1	29072.0	0.0	0.0
1	29073.0	0.0	0.0
1	30057.0	0.0	0.0
1	30058.0	0.0	0.0
1	30059.0	0.0	0.0
1	30060.0	0.0	0.0
1	30061.0	0.0	0.0
1	30062.0	0.0	0.0
1	30063.0	0.0	0.0
1	30064.0	0.0	0.0
1	30065.0	0.0	0.0
1	30066.0	0.0	0.0
1	30067.0	0.0	0.0
1	30068.0	0.0	0.0
1	30069.0	0.0	0.0
1	30070.0	0.0	0.0
1	30071.0	0.0	0.0
1	30072.0	0.0	0.0
1	30073.0	0.0	0.0
1	30074.0	0.0	0.0
1	30075.0	0.0	0.0
1	30076.0	0.0	0.0
1	30077.0	0.0	0.0
1	30078.0	0.0	0.0
1	31062.0	0.0	0.0
1	31063.0	0.0	0.0
1	31064.0	0.0	0.0
1	31065.0	0.0	0.0
1	31066.0	0.0	0.0
1	31067.0	0.0	0.0
1	31068.0	0.0	0.0
1	31069.0	0.0	0.0
1	31070.0	0.0	0.0
1	31071.0	0.0	0.0
1	31072.0	0.0	0.0
1	31073.0	0.0	0.0
1	31074.0	0.0	0.0
1	31075.0	0.0	0.0
1	31076.0	0.0	0.0
1	31077.0	0.0	0.0
1	31078.0	0.0	0.0
1	31079.0	0.0	0.0
1	31080.0	0.0	0.0
1	31081.0	0.0	0.0
1	31082.0	0.0	0.0
1	31083.0	0.0	0.0
1	32061.0	0.0	0.0
1	32062.0	0.0	0.0
1	32063.0	0.0	0.0
1	32064.0	0.0	0.0
1	32065.0	0.0	0.0
1	32066.0	0.0	0.0
1	32067.0	0.0	0.0
1	32068.0	0.0	0.0
1	32069.0	0.0	0.0
1	32070.0	0.0	0.0
1	32071.0	0.0	0.0
1	32072.0	0.0	0.0
1	32073.0	0.0	0.0
1	32074.0	0.0	0.0
1	32075.0	0.0	0.0
1	32076.0	0.0	0.0
1	32077.0	0.0	0.0
1	32078.0	0.0	0.0
1	32079.0	0.0	0.0
1	32080.0	0.0	0.0
1	32081.0	0.0	0.0
1	32082.0	0.0	0.0
1	32083.0	0.0	0.0
1	32084.0	0.0	0.0
1	33066.0	0.0	0.0
1	33067.0	0.0	0.0
1	33068.0	0.0	0.0
1	33069.0	0.0	0.0
1	33070.0	0.0	0.0
1	33071.0	0.0	0.0
1	33072.0	0.0	0.0
1	33073.0	0.0	0.0
1	33074.0	0.0	0.0
1	33075.0	0.0	0.0
1	33076.0	0.0	0.0
1	33077.0	0.0	0.0
1	33078.0	0.0	0.0
1	33079.0	0.0	0.0
1	33080.0	0.0	0.0
1	33081.0	0.0	0.0
1	33082.0	0.0	0.0
1	33083.0	0.0	0.0
1	33084.0	0.0	0.0
1	33085.0	0.0	0.0
1	33086.0	0.0	0.0
1	33087.0	0.0	0.0
1	34068.0	0.0	0.0
1	34069.0	0.0	0.0
1	34070.0	0.0	0.0
1	34071.0	0.0	0.0
1	34072.0	0.0	0.0
1	34073.0	0.0	0.0
1	34074.0	0.0	0.0
1	34075.0	0.0	0.0
1	34076.0	0.0	0.0
1	34077.0	0.0	0.0
1	34078.0	0.0	0.0
1	34079.0	0.0	0.0
1	34080.0	0.0	0.0
1	34081.0	0.0	0.0
1	34082.0	0.0	0.0
1	34083.0	0.0	0.0
1	34084.0	0.0	0.0
1	34085.0	0.0	0.0
1	34086.0	0.0	0.0
1	34087.0	0.0	0.0
1	34088.0	0.0	0.0
1	34089.0	0.0	0.0
1	34090.0	0.0	0.0
1	34091.0	0.0	0.0
1	35070.0	0.0	0.0
1	35071.0	0.0	0.0
1	35072.0	0.0	0.0
1	35073.0	0.0	0.0
1	35074.0	0.0	0.0
1	35075.0	0.0	0.0
1	35076.0	0.0	0.0
1	35077.0	0.0	0.0
1	35078.0	0.0	0.0
1	35079.0	0.0	0.0
1	35080.0	0.0	0.0
1	35081.0	0.0	0.0
1	35082.0	0.0	0.0
1	35083.0	0.0	0.0
1	35084.0	0.0	0.0
1	35085.0	0.0	0.0
1	35086.0	0.0	0.0
1	35087.0	0.0	0.0
1	35088.0	0.0	0.0
1	35089.0	0.0	0.0
1	35090.0	0.0	0.0
1	35091.0	0.0	0.0
1	35092.0	0.0	0.0
1	36071.0	0.0	0.0
1	36072.0	0.0	0.0
1	36073.0	0.0	0.0
1	36074.0	0.0	0.0
1	36075.0	0.0	0.0
1	36076.0	0.0	0.0
1	36077.0	0.0	0.0
1	36078.0	0.0	0.0
1	36079.0	0.0	0.0
1	36080.0	0.0	0.0
1	36081.0	0.0	0.0
1	36082.0	0.0	0.0
1	36083.0	0.0	0.0
1	36084.0	0.0	0.0
1	36085.0	0.0	0.0
1	36086.0	0.0	0.0
1	36087.0	0.0	0.0
1	36088.0	0.0	0.0
1	36089.0	0.0	0.0
1	36090.0	0.0	0.0
1	36091.0	0.0	0.0
1	36092.0	0.0	0.0
1	36093.0	0.0	0.0
1	36094.0	0.0	0.0
1	36095.0	0.0	0.0
1	36096.0	0.0	0.0
1	36097.0	0.0	0.0
1	37074.0	0.0	0.0
1	37075.0	0.0	0.0
1	37076.0	0.0	0.0
1	37077.0	0.0	0.0
1	37078.0	0.0	0.0
1	37079.0	0.0	0.0
1	37080.0	0.0	0.0
1	37081.0	0.0	0.0
1	37082.0	0.0	0.0
1	37083.0	0.0	0.0
1	37084.0	0.0	0.0
1	37085.0	0.0	0.0
1	37086.0	0.0	0.0
1	37087.0	0.0	0.0
1	37088.0	0.0	0.0
1	37089.0	0.0	0.0
1	37090.0	0.0	0.0
1	37091.0	0.0	0.0
1	37092.0	0.0	0.0
1	37093.0	0.0	0.0
1	37094.0	0.0	0.0
1	37095.0	0.0	0.0
1	37096.0	0.0	0.0
1	37097.0	0.0	0.0
1	37098.0	0.0	0.0
1	37099.0	0.0	0.0
1	37100.0	0.0	0.0
1	38077.0	0.0	0.0
1	38078.0	0.0	0.0
1	38079.0	0.0	0.0
1	38080.0	0.0	0.0
1	38081.0	0.0	0.0
1	38082.0	0.0	0.0
1	38083.0	0.0	0.0
1	38084.0	0.0	0.0
1	38085.0	0.0	0.0
1	38086.0	0.0	0.0
1	38087.0	0.0	0.0
1	38088.0	0.0	0.0
1	38089.0	0.0	0.0
1	38090.0	0.0	0.0
1	38091.0	0.0	0.0
1	38092.0	0.0	0.0
1	38093.0	0.0	0.0
1	38094.0	0.0	0.0
1	38095.0	0.0	0.0
1	38096.0	0.0	0.0
1	38097.0	0.0	0.0
1	38098.0	0.0	0.0
1	38099.0	0.0	0.0
1	38100.0	0.0	0.0
1	39080.0	0.0	0.0
1	39081.0	0.0	0.0
1	39082.0	0.0	0.0
1	39083.0	0.0	0.0
1	39084.0	0.0	0.0
1	39085.0	0.0	0.0
1	39086.0	0.0	0.0
1	39087.0	0.0	0.0
1	39088.0	0.0	0.0
1	39089.0	0.0	0.0
1	39090.0	0.0	0.0
1	39091.0	0.0	0.0
1	39092.0	0.0	0.0
1	39093.0	0.0	0.0
1	39094.0	0.0	0.0
1	39095.0	0.0	0.0
1	39096.0	0.0	0.0
1	39097.0	0.0	0.0
1	39098.0	0.0	0.0
1	39099.0	0.0	0.0
1	39100.0	0.0	0.0
1	39101.0	0.0	0.0
1	39102.0	0.0	0.0
1	40081.0	0.0	0.0
1	40082.0	0.0	0.0
1	40083.0	0.0	0.0
1	40084.0	0.0	0.0
1	40085.0	0.0	0.0
1	40086.0	0.0	0.0
1	40087.0	0.0	0.0
1	40088.0	0.0	0.0
1	40089.0	0.0	0.0
1	40090.0	0.0	0.0
1	40091.0	0.0	0.0
1	40092.0	0.0	0.0
1	40093.0	0.0	0.0
1	40094.0	0.0	0.0
1	40095.0	0.0	0.0
1	40096.0	0.0	0.0
1	40097.0	0.0	0.0
1	40098.0	0.0	0.0
1	40099.0	0.0	0.0
1	40100.0	0.0	0.0
1	40101.0	0.0	0.0
1	40102.0	0.0	0.0
1	41084.0	0.0	0.0
1	41085.0	0.0	0.0
1	41086.0	0.0	0.0
1	41087.0	0.0	0.0
1	41088.0	0.0	0.0
1	41089.0	0.0	0.0
1	41090.0	0.0	0.0
1	41091.0	0.0	0.0
1	41092.0	0.0	0.0
1	41093.0	0.0	0.0
1	41094.0	0.0	0.0
1	41095.0	0.0	0.0
1	41096.0	0.0	0.0
1	41097.0	0.0	0.0
1	41098.0	0.0	0.0
1	41099.0	0.0	0.0
1	41100.0	0.0	0.0
1	41101.0	0.0	0.0
1	41102.0	0.0	0.0
1	41103.0	0.0	0.0
1	41104.0	0.0	0.0
1	41105.0	0.0	0.0
1	41106.0	0.0	0.0
1	42087.0	0.0	0.0
1	42088.0	0.0	0.0
1	42089.0	0.0	0.0
1	42090.0	0.0	0.0
1	42091.0	0.0	0.0
1	42092.0	0.0	0.0
1	42093.0	0.0	0.0
1	42094.0	0.0	0.0
1	42095.0	0.0	0.0
1	42096.0	0.0	0.0
1	42097.0	0.0	0.0
1	42098.0	0.0	0.0
1	42099.0	0.0	0.0
1	42100.0	0.0	0.0
1	42101.0	0.0	0.0
1	42102.0	0.0	0.0
1	42103.0	0.0	0.0
1	42104.0	0.0	0.0
1	42105.0	0.0	0.0
1	42106.0	0.0	0.0
1	42107.0	0.0	0.0
1	42108.0	0.0	0.0
1	43090.0	0.0	0.0
1	43091.0	0.0	0.0
1	43092.0	0.0	0.0
1	43093.0	0.0	0.0
1	43094.0	0.0	0.0
1	43095.0	0.0	0.0
1	43096.0	0.0	0.0
1	43097.0	0.0	0.0
1	43098.0	0.0	0.0
1	43099.0	0.0	0.0
1	43100.0	0.0	0.0
1	43101.0	0.0	0.0
1	43102.0	0.0	0.0
1	43103.0	0.0	0.0
1	43104.0	0.0	0.0
1	43105.0	0.0	0.0
1	43106.0	0.0	0.0
1	43107.0	0.0	0.0
1	43108.0	0.0	0.0
1	43109.0	0.0	0.0
1	43110.0	0.0	0.0
1	44092.0	0.0	0.0
1	44093.0	0.0	0.0
1	44094.0	0.0	0.0
1	44095.0	0.0	0.0
1	44096.0	0.0	0.0
1	44097.0	0.0	0.0
1	44098.0	0.0	0.0
1	44099.0	0.0	0.0
1	44100.0	0.0	0.0
1	44101.0	0.0	0.0
1	44102.0	0.0	0.0
1	44103.0	0.0	0.0
1	44104.0	0.0	0.0
1	44105.0	0.0	0.0
1	44106.0	0.0	0.0
1	44107.0	0.0	0.0
1	44108.0	0.0	0.0
1	44109.0	0.0	0.0
1	44110.0	0.0	0.0
1	44111.0	0.0	0.0
1	44112.0	0.0	0.0
1	44113.0	0.0	0.0
1	45094.0	0.0	0.0
1	45095.0	0.0	0.0
1	45096.0	0.0	0.0
1	45097.0	0.0	0.0
1	45098.0	0.0	0.0
1	45099.0	0.0	0.0
1	45100.0	0.0	0.0
1	45101.0	0.0	0.0
1	45102.0	0.0	0.0
1	45103.0	0.0	0.0
1	45104.0	0.0	0.0
1	45105.0	0.0	0.0
1	45106.0	0.0	0.0
1	45107.0	0.0	0.0
1	45108.0	0.0	0.0
1	45109.0	0.0	0.0
1	45110.0	0.0	0.0
1	45111.0	0.0	0.0
1	45112.0	0.0	0.0
1	45113.0	0.0	0.0
1	45114.0	0.0	0.0
1	46096.0	0.0	0.0
1	46097.0	0.0	0.0
1	46098.0	0.0	0.0
1	46099.0	0.0	0.0
1	46100.0	0.0	0.0
1	46101.0	0.0	0.0
1	46102.0	0.0	0.0
1	46103.0	0.0	0.0
1	46104.0	0.0	0.0
1	46105.0	0.0	0.0
1	46106.0	0.0	0.0
1	46107.0	0.0	0.0
1	46108.0	0.0	0.0
1	46109.0	0.0	0.0
1	46110.0	0.0	0.0
1	46111.0	0.0	0.0
1	46112.0	0.0	0.0
1	46113.0	0.0	0.0
1	46114.0	0.0	0.0
1	46115.0	0.0	0.0
1	46116.0	0.0	0.0
1	46117.0	0.0	0.0
1	46118.0	0.0	0.0
1	47096.0	0.0	0.0
1	47097.0	0.0	0.0
1	47098.0	0.0	0.0
1	47099.0	0.0	0.0
1	47100.0	0.0	0.0
1	47101.0	0.0	0.0
1	47102.0	0.0	0.0
1	47103.0	0.0	0.0
1	47104.0	0.0	0.0
1	47105.0	0.0	0.0
1	47106.0	0.0	0.0
1	47107.0	0.0	0.0
1	47108.0	0.0	0.0
1	47109.0	0.0	0.0
1	47110.0	0.0	0.0
1	47111.0	0.0	0.0
1	47112.0	0.0	0.0
1	47113.0	0.0	0.0
1	47114.0	0.0	0.0
1	47115.0	0.0	0.0
1	47116.0	0.0	0.0
1	47117.0	0.0	0.0
1	47118.0	0.0	0.0
1	47119.0	0.0	0.0
1	47120.0	0.0	0.0
1	47121.0	0.0	0.0
1	47122.0	0.0	0.0
1	47123.0	0.0	0.0
1	48097.0	0.0	0.0
1	48098.0	0.0	0.0
1	48099.0	0.0	0.0
1	48100.0	0.0	0.0
1	48101.0	0.0	0.0
1	48102.0	0.0	0.0
1	48103.0	0.0	0.0
1	48104.0	0.0	0.0
1	48105.0	0.0	0.0
1	48106.0	0.0	0.0
1	48107.0	0.0	0.0
1	48108.0	0.0	0.0
1	48109.0	0.0	0.0
1	48110.0	0.0	0.0
1	48111.0	0.0	0.0
1	48112.0	0.0	0.0
1	48113.0	0.0	0.0
1	48114.0	0.0	0.0
1	48115.0	0.0	0.0
1	48116.0	0.0	0.0
1	48117.0	0.0	0.0
1	48118.0	0.0	0.0
1	48119.0	0.0	0.0
1	48120.0	0.0	0.0
1	48121.0	0.0	0.0
1	48122.0	0.0	0.0
1	48123.0	0.0	0.0
1	48124.0	0.0	0.0
1	48125.0	0.0	0.0
1	48126.0	0.0	0.0
1	49100.0	0.0	0.0
1	49101.0	0.0	0.0
1	49102.0	0.0	0.0
1	49103.0	0.0	0.0
1	49104.0	0.0	0.0
1	49105.0	0.0	0.0
1	49106.0	0.0	0.0
1	49107.0	0.0	0.0
1	49108.0	0.0	0.0
1	49109.0	0.0	0.0
1	49110.0	0.0	0.0
1	49111.0	0.0	0.0
1	49112.0	0.0	0.0
1	49113.0	0.0	0.0
1	49114.0	0.0	0.0
1	49115.0	0.0	0.0
1	49116.0	0.0	0.0
1	49117.0	0.0	0.0
1	49118.0	0.0	0.0
1	49119.0	0.0	0.0
1	49120.0	0.0	0.0
1	49121.0	0.0	0.0
1	49122.0	0.0	0.0
1	49123.0	0.0	0.0
1	49124.0	0.0	0.0
1	49125.0	0.0	0.0
1	49126.0	0.0	0.0
1	49127.0	0.0	0.0
1	49128.0	0.0	0.0
1	49129.0	0.0	0.0
1	49130.0	0.0	0.0
1	49131.0	0.0	0.0
1	49132.0	0.0	0.0
1	50103.0	0.0	0.0
1	50104.0	0.0	0.0
1	50105.0	0.0	0.0
1	50106.0	0.0	0.0
1	50107.0	0.0	0.0
1	50108.0	0.0	0.0
1	50109.0	0.0	0.0
1	50110.0	0.0	0.0
1	50111.0	0.0	0.0
1	50112.0	0.0	0.0
1	50113.0	0.0	0.0
1	50114.0	0.0	0.0
1	50115.0	0.0	0.0
1	50116.0	0.0	0.0
1	50117.0	0.0	0.0
1	50118.0	0.0	0.0
1	50119.0	0.0	0.0
1	50120.0	0.0	0.0
1	50121.0	0.0	0.0
1	50122.0	0.0	0.0
1	50123.0	0.0	0.0
1	50124.0	0.0	0.0
1	50125.0	0.0	0.0
1	50126.0	0.0	0.0
1	50127.0	0.0	0.0
1	50128.0	0.0	0.0
1	50129.0	0.0	0.0
1	50130.0	0.0	0.0
1	50131.0	0.0	0.0
1	50132.0	0.0	0.0
1	50133.0	0.0	0.0
1	50134.0	0.0	0.0
1	51108.0	0.0	0.0
1	51109.0	0.0	0.0
1	51110.0	0.0	0.0
1	51111.0	0.0	0.0
1	51112.0	0.0	0.0
1	51113.0	0.0	0.0
1	51114.0	0.0	0.0
1	51115.0	0.0	0.0
1	51116.0	0.0	0.0
1	51117.0	0.0	0.0
1	51118.0	0.0	0.0
1	51119.0	0.0	0.0
1	51120.0	0.0	0.0
1	51121.0	0.0	0.0
1	51122.0	0.0	0.0
1	51123.0	0.0	0.0
1	51124.0	0.0	0.0
1	51125.0	0.0	0.0
1	51126.0	0.0	0.0
1	51127.0	0.0	0.0
1	51128.0	0.0	0.0
1	51129.0	0.0	0.0
1	51130.0	0.0	0.0
1	51131.0	0.0	0.0
1	51132.0	0.0	0.0
1	51133.0	0.0	0.0
1	51134.0	0.0	0.0
1	51135.0	0.0	0.0
1	51136.0	0.0	0.0
1	52106.0	0.0	0.0
1	52107.0	0.0	0.0
1	52108.0	0.0	0.0
1	52109.0	0.0	0.0
1	52110.0	0.0	0.0
1	52111.0	0.0	0.0
1	52112.0	0.0	0.0
1	52113.0	0.0	0.0
1	52114.0	0.0	0.0
1	52115.0	0.0	0.0
1	52116.0	0.0	0.0
1	52117.0	0.0	0.0
1	52118.0	0.0	0.0
1	52119.0	0.0	0.0
1	52120.0	0.0	0.0
1	52121.0	0.0	0.0
1	52122.0	0.0	0.0
1	52123.0	0.0	0.0
1	52124.0	0.0	0.0
1	52125.0	0.0	0.0
1	52126.0	0.0	0.0
1	52127.0	0.0	0.0
1	52128.0	0.0	0.0
1	52129.0	0.0	0.0
1	52130.0	0.0	0.0
1	52131.0	0.0	0.0
1	52132.0	0.0	0.0
1	52133.0	0.0	0.0
1	52134.0	0.0	0.0
1	52135.0	0.0	0.0
1	52136.0	0.0	0.0
1	52137.0	0.0	0.0
1	52138.0	0.0	0.0
1	53110.0	0.0	0.0
1	53111.0	0.0	0.0
1	53112.0	0.0	0.0
1	53113.0	0.0	0.0
1	53114.0	0.0	0.0
1	53115.0	0.0	0.0
1	53116.0	0.0	0.0
1	53117.0	0.0	0.0
1	53118.0	0.0	0.0
1	53119.0	0.0	0.0
1	53120.0	0.0	0.0
1	53121.0	0.0	0.0
1	53122.0	0.0	0.0
1	53123.0	0.0	0.0
1	53124.0	0.0	0.0
1	53125.0	0.0	0.0
1	53126.0	0.0	0.0
1	53127.0	0.0	0.0
1	53128.0	0.0	0.0
1	53129.0	0.0	0.0
1	53130.0	0.0	0.0
1	53131.0	0.0	0.0
1	53132.0	0.0	0.0
1	53133.0	0.0	0.0
1	53134.0	0.0	0.0
1	53135.0	0.0	0.0
1	53136.0	0.0	0.0
1	53137.0	0.0	0.0
1	53138.0	0.0	0.0
1	53139.0	0.0	0.0
1	53140.0	0.0	0.0
1	53141.0	0.0	0.0
1	53142.0	0.0	0.0
1	54110.0	0.0	0.0
1	54111.0	0.0	0.0
1	54112.0	0.0	0.0
1	54113.0	0.0	0.0
1	54114.0	0.0	0.0
1	54115.0	0.0	0.0
1	54116.0	0.0	0.0
1	54117.0	0.0	0.0
1	54118.0	0.0	0.0
1	54119.0	0.0	0.0
1	54120.0	0.0	0.0
1	54121.0	0.0	0.0
1	54122.0	0.0	0.0
1	54123.0	0.0	0.0
1	54124.0	0.0	0.0
1	54125.0	0.0	0.0
1	54126.0	0.0	0.0
1	54127.0	0.0	0.0
1	54128.0	0.0	0.0
1	54129.0	0.0	0.0
1	54130.0	0.0	0.0
1	54131.0	0.0	0.0
1	54132.0	0.0	0.0
1	54133.0	0.0	0.0
1	54134.0	0.0	0.0
1	54135.0	0.0	0.0
1	54136.0	0.0	0.0
1	54137.0	0.0	0.0
1	54138.0	0.0	0.0
1	54139.0	0.0	0.0
1	54140.0	0.0	0.0
1	54141.0	0.0	0.0
1	54142.0	0.0	0.0
1	54143.0	0.0	0.0
1	54144.0	0.0	0.0
1	54145.0	0.0	0.0
1	55114.0	0.0	0.0
1	55115.0	0.0	0.0
1	55116.0	0.0	0.0
1	55117.0	0.0	0.0
1	55118.0	0.0	0.0
1	55119.0	0.0	0.0
1	55120.0	0.0	0.0
1	55121.0	0.0	0.0
1	55122.0	0.0	0.0
1	55123.0	0.0	0.0
1	55124.0	0.0	0.0
1	55125.0	0.0	0.0
1	55126.0	0.0	0.0
1	55127.0	0.0	0.0
1	55128.0	0.0	0.0
1	55129.0	0.0	0.0
1	55130.0	0.0	0.0
1	55131.0	0.0	0.0
1	55132.0	0.0	0.0
1	55133.0	0.0	0.0
1	55134.0	0.0	0.0
1	55135.0	0.0	0.0
1	55136.0	0.0	0.0
1	55137.0	0.0	0.0
1	55138.0	0.0	0.0
1	55139.0	0.0	0.0
1	55140.0	0.0	0.0
1	55141.0	0.0	0.0
1	55142.0	0.0	0.0
1	55143.0	0.0	0.0
1	55144.0	0.0	0.0
1	55145.0	0.0	0.0
1	55146.0	0.0	0.0
1	55147.0	0.0	0.0
1	55148.0	0.0	0.0
1	56117.0	0.0	0.0
1	56118.0	0.0	0.0
1	56119.0	0.0	0.0
1	56120.0	0.0	0.0
1	56121.0	0.0	0.0
1	56122.0	0.0	0.0
1	56123.0	0.0	0.0
1	56124.0	0.0	0.0
1	56125.0	0.0	0.0
1	56126.0	0.0	0.0
1	56127.0	0.0	0.0
1	56128.0	0.0	0.0
1	56129.0	0.0	0.0
1	56130.0	0.0	0.0
1	56131.0	0.0	0.0
1	56132.0	0.0	0.0
1	56133.0	0.0	0.0
1	56134.0	0.0	0.0
1	56135.0	0.0	0.0
1	56136.0	0.0	0.0
1	56137.0	0.0	0.0
1	56138.0	0.0	0.0
1	56139.0	0.0	0.0
1	56140.0	0.0	0.0
1	56141.0	0.0	0.0
1	56142.0	0.0	0.0
1	56143.0	0.0	0.0
1	56144.0	0.0	0.0
1	56145.0	0.0	0.0
1	56146.0	0.0	0.0
1	56147.0	0.0	0.0
1	56148.0	0.0	0.0
1	57123.0	0.0	0.0
1	57124.0	0.0	0.0
1	57125.0	0.0	0.0
1	57126.0	0.0	0.0
1	57127.0	0.0	0.0
1	57128.0	0.0	0.0
1	57129.0	0.0	0.0
1	57130.0	0.0	0.0
1	57131.0	0.0	0.0
1	57132.0	0.0	0.0
1	57133.0	0.0	0.0
1	57134.0	0.0	0.0
1	57135.0	0.0	0.0
1	57136.0	0.0	0.0
1	57137.0	0.0	0.0
1	57138.0	0.0	0.0
1	57139.0	0.0	0.0
1	57140.0	0.0	0.0
1	57141.0	0.0	0.0
1	57142.0	0.0	0.0
1	57143.0	0.0	0.0
1	57144.0	0.0	0.0
1	57145.0	0.0	0.0
1	57146.0	0.0	0.0
1	57147.0	0.0	0.0
1	57148.0	0.0	0.0
1	57149.0	0.0	0.0
1	58124.0	0.0	0.0
1	58125.0	0.0	0.0
1	58126.0	0.0	0.0
1	58127.0	0.0	0.0
1	58128.0	0.0	0.0
1	58129.0	0.0	0.0
1	58130.0	0.0	0.0
1	58131.0	0.0	0.0
1	58132.0	0.0	0.0
1	58133.0	0.0	0.0
1	58134.0	0.0	0.0
1	58135.0	0.0	0.0
1	58136.0	0.0	0.0
1	58137.0	0.0	0.0
1	58138.0	0.0	0.0
1	58139.0	0.0	0.0
1	58140.0	0.0	0.0
1	58141.0	0.0	0.0
1	58142.0	0.0	0.0
1	58143.0	0.0	0.0
1	58144.0	0.0	0.0
1	58145.0	0.0	0.0
1	58146.0	0.0	0.0
1	58147.0	0.0	0.0
1	58148.0	0.0	0.0
1	58149.0	0.0	0.0
1	58150.0	0.0	0.0
1	58151.0	0.0	0.0
1	59129.0	0.0	0.0
1	59130.0	0.0	0.0
1	59131.0	0.0	0.0
1	59132.0	0.0	0.0
1	59133.0	0.0	0.0
1	59134.0	0.0	0.0
1	59135.0	0.0	0.0
1	59136.0	0.0	0.0
1	59137.0	0.0	0.0
1	59138.0	0.0	0.0
1	59139.0	0.0	0.0
1	59140.0	0.0	0.0
1	59141.0	0.0	0.0
1	59142.0	0.0	0.0
1	59143.0	0.0	0.0
1	59144.0	0.0	0.0
1	59145.0	0.0	0.0
1	59146.0	0.0	0.0
1	59147.0	0.0	0.0
1	59148.0	0.0	0.0
1	59149.0	0.0	0.0
1	59150.0	0.0	0.0
1	59151.0	0.0	0.0
1	59152.0	0.0	0.0
1	60129.0	0.0	0.0
1	60130.0	0.0	0.0
1	60131.0	0.0	0.0
1	60132.0	0.0	0.0
1	60133.0	0.0	0.0
1	60134.0	0.0	0.0
1	60135.0	0.0	0.0
1	60136.0	0.0	0.0
1	60137.0	0.0	0.0
1	60138.0	0.0	0.0
1	60139.0	0.0	0.0
1	60140.0	0.0	0.0
1	60141.0	0.0	0.0
1	60142.0	0.0	0.0
1	60143.0	0.0	0.0
1	60144.0	0.0	0.0
1	60145.0	0.0	0.0
1	60146.0	0.0	0.0
1	60147.0	0.0	0.0
1	60148.0	0.0	0.0
1	60149.0	0.0	0.0
1	60150.0	0.0	0.0
1	60151.0	0.0	0.0
1	60152.0	0.0	0.0
1	60153.0	0.0	0.0
1	60154.0	0.0	0.0
1	61132.0	0.0	0.0
1	61133.0	0.0	0.0
1	61134.0	0.0	0.0
1	61135.0	0.0	0.0
1	61136.0	0.0	0.0
1	61137.0	0.0	0.0
1	61138.0	0.0	0.0
1	61139.0	0.0	0.0
1	61140.0	0.0	0.0
1	61141.0	0.0	0.0
1	61142.0	0.0	0.0
1	61143.0	0.0	0.0
1	61144.0	0.0	0.0
1	61145.0	0.0	0.0
1	61146.0	0.0	0.0
1	61147.0	0.0	0.0
1	61148.0	0.0	0.0
1	61149.0	0.0	0.0
1	61150.0	0.0	0.0
1	61151.0	0.0	0.0
1	61152.0	0.0	0.0
1	61153.0	0.0	0.0
1	61154.0	0.0	0.0
1	61155.0	0.0	0.0
1	62133.0	0.0	0.0
1	62134.0	0.0	0.0
1	62135.0	0.0	0.0
1	62136.0	0.0	0.0
1	62137.0	0.0	0.0
1	62138.0	0.0	0.0
1	62139.0	0.0	0.0
1	62140.0	0.0	0.0
1	62141.0	0.0	0.0
1	62142.0	0.0	0.0
1	62143.0	0.0	0.0
1	62144.0	0.0	0.0
1	62145.0	0.0	0.0
1	62146.0	0.0	0.0
1	62147.0	0.0	0.0
1	62148.0	0.0	0.0
1	62149.0	0.0	0.0
1	62150.0	0.0	0.0
1	62151.0	0.0	0.0
1	62152.0	0.0	0.0
1	62153.0	0.0	0.0
1	62154.0	0.0	0.0
1	62155.0	0.0	0.0
1	62156.0	0.0	0.0
1	62157.0	0.0	0.0
1	62158.0	0.0	0.0
1	63138.0	0.0	0.0
1	63139.0	0.0	0.0
1	63140.0	0.0	0.0
1	63141.0	0.0	0.0
1	63142.0	0.0	0.0
1	63143.0	0.0	0.0
1	63144.0	0.0	0.0
1	63145.0	0.0	0.0
1	63146.0	0.0	0.0
1	63147.0	0.0	0.0
1	63148.0	0.0	0.0
1	63149.0	0.0	0.0
1	63150.0	0.0	0.0
1	63151.0	0.0	0.0
1	63152.0	0.0	0.0
1	63153.0	0.0	0.0
1	63154.0	0.0	0.0
1	63155.0	0.0	0.0
1	63156.0	0.0	0.0
1	63157.0	0.0	0.0
1	63158.0	0.0	0.0
1	63159.0	0.0	0.0
1	63160.0	0.0	0.0
1	64142.0	0.0	0.0
1	64143.0	0.0	0.0
1	64144.0	0.0	0.0
1	64145.0	0.0	0.0
1	64146.0	0.0	0.0
1	64147.0	0.0	0.0
1	64148.0	0.0	0.0
1	64149.0	0.0	0.0
1	64150.0	0.0	0.0
1	64151.0	0.0	0.0
1	64152.0	0.0	0.0
1	64153.0	0.0	0.0
1	64154.0	0.0	0.0
1	64155.0	0.0	0.0
1	64156.0	0.0	0.0
1	64157.0	0.0	0.0
1	64158.0	0.0	0.0
1	64159.0	0.0	0.0
1	64160.0	0.0	0.0
1	64161.0	0.0	0.0
1	64162.0	0.0	0.0
1	64163.0	0.0	0.0
1	65144.0	0.0	0.0
1	65145.0	0.0	0.0
1	65146.0	0.0	0.0
1	65147.0	0.0	0.0
1	65148.0	0.0	0.0
1	65149.0	0.0	0.0
1	65150.0	0.0	0.0
1	65151.0	0.0	0.0
1	65152.0	0.0	0.0
1	65153.0	0.0	0.0
1	65154.0	0.0	0.0
1	65155.0	0.0	0.0
1	65156.0	0.0	0.0
1	65157.0	0.0	0.0
1	65158.0	0.0	0.0
1	65159.0	0.0	0.0
1	65160.0	0.0	0.0
1	65161.0	0.0	0.0
1	65162.0	0.0	0.0
1	65163.0	0.0	0.0
1	65164.0	0.0	0.0
1	65165.0	0.0	0.0
1	66145.0	0.0	0.0
1	66146.0	0.0	0.0
1	66147.0	0.0	0.0
1	66148.0	0.0	0.0
1	66149.0	0.0	0.0
1	66150.0	0.0	0.0
1	66151.0	0.0	0.0
1	66152.0	0.0	0.0
1	66153.0	0.0	0.0
1	66154.0	0.0	0.0
1	66155.0	0.0	0.0
1	66156.0	0.0	0.0
1	66157.0	0.0	0.0
1	66158.0	0.0	0.0
1	66159.0	0.0	0.0
1	66160.0	0.0	0.0
1	66161.0	0.0	0.0
1	66162.0	0.0	0.0
1	66163.0	0.0	0.0
1	66164.0	0.0	0.0
1	66165.0	0.0	0.0
1	66166.0	0.0	0.0
1	66167.0	0.0	0.0
1	66168.0	0.0	0.0
1	67147.0	0.0	0.0
1	67148.0	0.0	0.0
1	67149.0	0.0	0.0
1	67150.0	0.0	0.0
1	67151.0	0.0	0.0
1	67152.0	0.0	0.0
1	67153.0	0.0	0.0
1	67154.0	0.0	0.0
1	67155.0	0.0	0.0
1	67156.0	0.0	0.0
1	67157.0	0.0	0.0
1	67158.0	0.0	0.0
1	67159.0	0.0	0.0
1	67160.0	0.0	0.0
1	67161.0	0.0	0.0
1	67162.0	0.0	0.0
1	67163.0	0.0	0.0
1	67164.0	0.0	0.0
1	67165.0	0.0	0.0
1	67166.0	0.0	0.0
1	67167.0	0.0	0.0
1	67168.0	0.0	0.0
1	67169.0	0.0	0.0
1	67170.0	0.0	0.0
1	68147.0	0.0	0.0
1	68148.0	0.0	0.0
1	68149.0	0.0	0.0
1	68150.0	0.0	0.0
1	68151.0	0.0	0.0
1	68152.0	0.0	0.0
1	68153.0	0.0	0.0
1	68154.0	0.0	0.0
1	68155.0	0.0	0.0
1	68156.0	0.0	0.0
1	68157.0	0.0	0.0
1	68158.0	0.0	0.0
1	68159.0	0.0	0.0
1	68160.0	0.0	0.0
1	68161.0	0.0	0.0
1	68162.0	0.0	0.0
1	68163.0	0.0	0.0
1	68164.0	0.0	0.0
1	68165.0	0.0	0.0
1	68166.0	0.0	0.0
1	68167.0	0.0	0.0
1	68168.0	0.0	0.0
1	68169.0	0.0	0.0
1	68170.0	0.0	0.0
1	68171.0	0.0	0.0
1	68172.0	0.0	0.0
1	68173.0	0.0	0.0
1	69151.0	0.0	0.0
1	69152.0	0.0	0.0
1	69153.0	0.0	0.0
1	69154.0	0.0	0.0
1	69155.0	0.0	0.0
1	69156.0	0.0	0.0
1	69157.0	0.0	0.0
1	69158.0	0.0	0.0
1	69159.0	0.0	0.0
1	69160.0	0.0	0.0
1	69161.0	0.0	0.0
1	69162.0	0.0	0.0
1	69163.0	0.0	0.0
1	69164.0	0.0	0.0
1	69165.0	0.0	0.0
1	69166.0	0.0	0.0
1	69167.0	0.0	0.0
1	69168.0	0.0	0.0
1	69169.0	0.0	0.0
1	69170.0	0.0	0.0
1	69171.0	0.0	0.0
1	69172.0	0.0	0.0
1	69173.0	0.0	0.0
1	69174.0	0.0	0.0
1	69175.0	0.0	0.0
1	69176.0	0.0	0.0
1	70153.0	0.0	0.0
1	70154.0	0.0	0.0
1	70155.0	0.0	0.0
1	70156.0	0.0	0.0
1	70157.0	0.0	0.0
1	70158.0	0.0	0.0
1	70159.0	0.0	0.0
1	70160.0	0.0	0.0
1	70161.0	0.0	0.0
1	70162.0	0.0	0.0
1	70163.0	0.0	0.0
1	70164.0	0.0	0.0
1	70165.0	0.0	0.0
1	70166.0	0.0	0.0
1	70167.0	0.0	0.0
1	70168.0	0.0	0.0
1	70169.0	0.0	0.0
1	70170.0	0.0	0.0
1	70171.0	0.0	0.0
1	70172.0	0.0	0.0
1	70173.0	0.0	0.0
1	70174.0	0.0	0.0
1	70175.0	0.0	0.0
1	70176.0	0.0	0.0
1	70177.0	0.0	0.0
1	70178.0	0.0	0.0
1	70179.0	0.0	0.0
1	71151.0	0.0	0.0
1	71152.0	0.0	0.0
1	71153.0	0.0	0.0
1	71154.0	0.0	0.0
1	71155.0	0.0	0.0
1	71156.0	0.0	0.0
1	71157.0	0.0	0.0
1	71158.0	0.0	0.0
1	71159.0	0.0	0.0
1	71160.0	0.0	0.0
1	71161.0	0.0	0.0
1	71162.0	0.0	0.0
1	71163.0	0.0	0.0
1	71164.0	0.0	0.0
1	71165.0	0.0	0.0
1	71166.0	0.0	0.0
1	71167.0	0.0	0.0
1	71168.0	0.0	0.0
1	71169.0	0.0	0.0
1	71170.0	0.0	0.0
1	71171.0	0.0	0.0
1	71172.0	0.0	0.0
1	71173.0	0.0	0.0
1	71174.0	0.0	0.0
1	71175.0	0.0	0.0
1	71176.0	0.0	0.0
1	71177.0	0.0	0.0
1	71178.0	0.0	0.0
1	71179.0	0.0	0.0
1	71180.0	0.0	0.0
1	71181.0	0.0	0.0
1	71182.0	0.0	0.0
1	71183.0	0.0	0.0
1	72154.0	0.0	0.0
1	72155.0	0.0	0.0
1	72156.0	0.0	0.0
1	72157.0	0.0	0.0
1	72158.0	0.0	0.0
1	72159.0	0.0	0.0
1	72160.0	0.0	0.0
1	72161.0	0.0	0.0
1	72162.0	0.0	0.0
1	72163.0	0.0	0.0
1	72164.0	0.0	0.0
1	72165.0	0.0	0.0
1	72166.0	0.0	0.0
1	72167.0	0.0	0.0
1	72168.0	0.0	0.0
1	72169.0	0.0	0.0
1	72170.0	0.0	0.0
1	72171.0	0.0	0.0
1	72172.0	0.0	0.0
1	72173.0	0.0	0.0
1	72174.0	0.0	0.0
1	72175.0	0.0	0.0
1	72176.0	0.0	0.0
1	72177.0	0.0	0.0
1	72178.0	0.0	0.0
1	72179.0	0.0	0.0
1	72180.0	0.0	0.0
1	72181.0	0.0	0.0
1	72182.0	0.0	0.0
1	72183.0	0.0	0.0
1	72184.0	0.0	0.0
1	73157.0	0.0	0.0
1	73158.0	0.0	0.0
1	73159.0	0.0	0.0
1	73160.0	0.0	0.0
1	73161.0	0.0	0.0
1	73162.0	0.0	0.0
1	73163.0	0.0	0.0
1	73164.0	0.0	0.0
1	73165.0	0.0	0.0
1	73166.0	0.0	0.0
1	73167.0	0.0	0.0
1	73168.0	0.0	0.0
1	73169.0	0.0	0.0
1	73170.0	0.0	0.0
1	73171.0	0.0	0.0
1	73172.0	0.0	0.0
1	73173.0	0.0	0.0
1	73174.0	0.0	0.0
1	73175.0	0.0	0.0
1	73176.0	0.0	0.0
1	73177.0	0.0	0.0
1	73178.0	0.0	0.0
1	73179.0	0.0	0.0
1	73180.0	0.0	0.0
1	73181.0	0.0	0.0
1	73182.0	0.0	0.0
1	73183.0	0.0	0.0
1	73184.0	0.0	0.0
1	73185.0	0.0	0.0
1	73186.0	0.0	0.0
1	74158.0	0.0	0.0
1	74159.0	0.0	0.0
1	74160.0	0.0	0.0
1	74161.0	0.0	0.0
1	74162.0	0.0	0.0
1	74163.0	0.0	0.0
1	74164.0	0.0	0.0
1	74165.0	0.0	0.0
1	74166.0	0.0	0.0
1	74167.0	0.0	0.0
1	74168.0	0.0	0.0
1	74169.0	0.0	0.0
1	74170.0	0.0	0.0
1	74171.0	0.0	0.0
1	74172.0	0.0	0.0
1	74173.0	0.0	0.0
1	74174.0	0.0	0.0
1	74175.0	0.0	0.0
1	74176.0	0.0	0.0
1	74177.0	0.0	0.0
1	74178.0	0.0	0.0
1	74179.0	0.0	0.0
1	74180.0	0.0	0.0
1	74181.0	0.0	0.0
1	74182.0	0.0	0.0
1	74183.0	0.0	0.0
1	74184.0	0.0	0.0
1	74185.0	0.0	0.0
1	74186.0	0.0	0.0
1	74187.0	0.0	0.0
1	74188.0	0.0	0.0
1	74189.0	0.0	0.0
1	74190.0	0.0	0.0
1	75161.0	0.0	0.0
1	75162.0	0.0	0.0
1	75163.0	0.0	0.0
1	75164.0	0.0	0.0
1	75165.0	0.0	0.0
1	75166.0	0.0	0.0
1	75167.0	0.0	0.0
1	75168.0	0.0	0.0
1	75169.0	0.0	0.0
1	75170.0	0.0	0.0
1	75171.0	0.0	0.0
1	75172.0	0.0	0.0
1	75173.0	0.0	0.0
1	75174.0	0.0	0.0
1	75175.0	0.0	0.0
1	75176.0	0.0	0.0
1	75177.0	0.0	0.0
1	75178.0	0.0	0.0
1	75179.0	0.0	0.0
1	75180.0	0.0	0.0
1	75181.0	0.0	0.0
1	75182.0	0.0	0.0
1	75183.0	0.0	0.0
1	75184.0	0.0	0.0
1	75185.0	0.0	0.0
1	75186.0	0.0	0.0
1	75187.0	0.0	0.0
1	75188.0	0.0	0.0
1	75189.0	0.0	0.0
1	75190.0	0.0	0.0
1	75191.0	0.0	0.0
1	75192.0	0.0	0.0
1	76163.0	0.0	0.0
1	76164.0	0.0	0.0
1	76165.0	0.0	0.0
1	76166.0	0.0	0.0
1	76167.0	0.0	0.0
1	76168.0	0.0	0.0
1	76169.0	0.0	0.0
1	76170.0	0.0	0.0
1	76171.0	0.0	0.0
1	76172.0	0.0	0.0
1	76173.0	0.0	0.0
1	76174.0	0.0	0.0
1	76175.0	0.0	0.0
1	76176.0	0.0	0.0
1	76177.0	0.0	0.0
1	76178.0	0.0	0.0
1	76179.0	0.0	0.0
1	76180.0	0.0	0.0
1	76181.0	0.0	0.0
1	76182.0	0.0	0.0
1	76183.0	0.0	0.0
1	76184.0	0.0	0.0
1	76185.0	0.0	0.0
1	76186.0	0.0	0.0
1	76187.0	0.0	0.0
1	76188.0	0.0	0.0
1	76189.0	0.0	0.0
1	76190.0	0.0	0.0
1	76191.0	0.0	0.0
1	76192.0	0.0	0.0
1	76193.0	0.0	0.0
1	76194.0	0.0	0.0
1	76195.0	0.0	0.0
1	76196.0	0.0	0.0
1	77166.0	0.0	0.0
1	77167.0	0.0	0.0
1	77168.0	0.0	0.0
1	77169.0	0.0	0.0
1	77170.0	0.0	0.0
1	77171.0	0.0	0.0
1	77172.0	0.0	0.0
1	77173.0	0.0	0.0
1	77174.0	0.0	0.0
1	77175.0	0.0	0.0
1	77176.0	0.0	0.0
1	77177.0	0.0	0.0
1	77178.0	0.0	0.0
1	77179.0	0.0	0.0
1	77180.0	0.0	0.0
1	77181.0	0.0	0.0
1	77182.0	0.0	0.0
1	77183.0	0.0	0.0
1	77184.0	0.0	0.0
1	77185.0	0.0	0.0
1	77186.0	0.0	0.0
1	77187.0	0.0	0.0
1	77188.0	0.0	0.0
1	77189.0	0.0	0.0
1	77190.0	0.0	0.0
1	77191.0	0.0	0.0
1	77192.0	0.0	0.0
1	77193.0	0.0	0.0
1	77194.0	0.0	0.0
1	77195.0	0.0	0.0
1	77196.0	0.0	0.0
1	77197.0	0.0	0.0
1	77198.0	0.0	0.0
1	78168.0	0.0	0.0
1	78169.0	0.0	0.0
1	78170.0	0.0	0.0
1	78171.0	0.0	0.0
1	78172.0	0.0	0.0
1	78173.0	0.0	0.0
1	78174.0	0.0	0.0
1	78175.0	0.0	0.0
1	78176.0	0.0	0.0
1	78177.0	0.0	0.0
1	78178.0	0.0	0.0
1	78179.0	0.0	0.0
1	78180.0	0.0	0.0
1	78181.0	0.0	0.0
1	78182.0	0.0	0.0
1	78183.0	0.0	0.0
1	78184.0	0.0	0.0
1	78185.0	0.0	0.0
1	78186.0	0.0	0.0
1	78187.0	0.0	0.0
1	78188.0	0.0	0.0
1	78189.0	0.0	0.0
1	78190.0	0.0	0.0
1	78191.0	0.0	0.0
1	78192.0	0.0	0.0
1	78193.0	0.0	0.0
1	78194.0	0.0	0.0
1	78195.0	0.0	0.0
1	78196.0	0.0	0.0
1	78197.0	0.0	0.0
1	78198.0	0.0	0.0
1	78199.0	0.0	0.0
1	78200.0	0.0	0.0
1	78201.0	0.0	0.0
1	79175.0	0.0	0.0
1	79176.0	0.0	0.0
1	79177.0	0.0	0.0
1	79178.0	0.0	0.0
1	79179.0	0.0	0.0
1	79180.0	0.0	0.0
1	79181.0	0.0	0.0
1	79182.0	0.0	0.0
1	79183.0	0.0	0.0
1	79184.0	0.0	0.0
1	79185.0	0.0	0.0
1	79186.0	0.0	0.0
1	79187.0	0.0	0.0
1	79188.0	0.0	0.0
1	79189.0	0.0	0.0
1	79190.0	0.0	0.0
1	79191.0	0.0	0.0
1	79192.0	0.0	0.0
1	79193.0	0.0	0.0
1	79194.0	0.0	0.0
1	79195.0	0.0	0.0
1	79196.0	0.0	0.0
1	79197.0	0.0	0.0
1	79198.0	0.0	0.0
1	79199.0	0.0	0.0
1	79200.0	0.0	0.0
1	79201.0	0.0	0.0
1	79202.0	0.0	0.0
1	79203.0	0.0	0.0
1	79204.0	0.0	0.0
1	80177.0	0.0	0.0
1	80178.0	0.0	0.0
1	80179.0	0.0	0.0
1	80180.0	0.0	0.0
1	80181.0	0.0	0.0
1	80182.0	0.0	0.0
1	80183.0	0.0	0.0
1	80184.0	0.0	0.0
1	80185.0	0.0	0.0
1	80186.0	0.0	0.0
1	80187.0	0.0	0.0
1	80188.0	0.0	0.0
1	80189.0	0.0	0.0
1	80190.0	0.0	0.0
1	80191.0	0.0	0.0
1	80192.0	0.0	0.0
1	80193.0	0.0	0.0
1	80194.0	0.0	0.0
1	80195.0	0.0	0.0
1	80196.0	0.0	0.0
1	80197.0	0.0	0.0
1	80198.0	0.0	0.0
1	80199.0	0.0	0.0
1	80200.0	0.0	0.0
1	80201.0	0.0	0.0
1	80202.0	0.0	0.0
1	80203.0	0.0	0.0
1	80204.0	0.0	0.0
1	80205.0	0.0	0.0
1	80206.0	0.0	0.0
1	total	0.00169337	0.0024
2	1001.0	0.0	0.0
2	1002.0	0.0	0.0
2	1003.0	0.0	0.0
2	2003.0	0.0	0.0
2	2004.0	0.0	0.0
2	2005.0	0.0	0.0
2	2006.0	0.0	0.0
2	2007.0	0.0	0.0
2	2008.0	0.0	0.0
2	3005.0	0.0	0.0
2	3006.0	0.0	0.0
2	3007.0	0.0	0.0
2	3008.0	0.0	0.0
2	3009.0	0.0	0.0
2	3010.0	0.0	0.0
2	3011.0	0.0	0.0
2	4006.0	0.0	0.0
2	4007.0	0.0	0.0
2	4008.0	0.0	0.0
2	4009.0	0.0	0.0
2	4010.0	0.0	0.0
2	4011.0	0.0	0.0
2	4012.0	0.0	0.0
2	4013.0	0.0	0.0
2	4014.0	0.0	0.0
2	5008.0	0.0	0.0
2	5009.0	0.0	0.0
2	5010.0	0.0	0.0
2	5011.0	0.0	0.0
2	5012.0	0.0	0.0
2	5013.0	0.0	0.0
2	5014.0	0.0	0.0
2	5015.0	0.0	0.0
2	5016.0	0.0	0.0
2	5017.0	0.0	0.0
2	6008.0	0.0	0.0
2	6009.0	0.0	0.0
2	6010.0	0.0	0.0
2	6011.0	0.0	0.0
2	6012.0	0.0	0.0
2	6013.0	0.0	0.0
2	6014.0	0.0	0.0
2	6015.0	0.0	0.0
2	6016.0	0.0	0.0
2	6017.0	0.0	0.0
2	6018.0	0.0	0.0
2	6019.0	0.0	0.0
2	6020.0	0.0	0.0
2	7011.0	0.0	0.0
2	7012.0	0.0	0.0
2	7013.0	0.0	0.0
2	7014.0	0.0	0.0
2	7015.0	0.0	0.0
2	7016.0	0.0	0.0
2	7017.0	0.0	0.0
2	7018.0	0.0	0.0
2	7019.0	0.0	0.0
2	7020.0	0.0	0.0
2	7021.0	0.0	0.0
2	7022.0	0.0	0.0
2	7023.0	0.0	0.0
2	8013.0	0.0	0.0
2	8014.0	0.0	0.0
2	8015.0	0.0	0.0
2	8016.0	0.0	0.0
2	8017.0	0.0	0.0
2	8018.0	0.0	0.0
2	8019.0	0.0	0.0
2	8020.0	0.0	0.0
2	8021.0	0.0	0.0
2	8022.0	0.0	0.0
2	8023.0	0.0	0.0
2	8024.0	0.0	0.0
2	9015.0	0.0	0.0
2	9016.0	0.0	0.0
2	9017.0	0.0	0.0
2	9018.0	0.0	0.0
2	9019.0	0.0	0.0
2	9020.0	0.0	0.0
2	9021.0	0.0	0.0
2	9022.0	0.0	0.0
2	9023.0	0.0	0.0
2	9024.0	0.0	0.0
2	9025.0	0.0	0.0
2	9026.0	0.0	0.0
2	9027.0	0.0	0.0
2	10017.0	0.0	0.0
2	10018.0	0.0	0.0
2	10019.0	0.0	0.0
2	10020.0	0.0	0.0
2	10021.0	0.0	0.0
2	10022.0	0.0	0.0
2	10023.0	0.0	0.0
2	10024.0	0.0	0.0
2	10025.0	0.0	0.0
2	10026.0	0.0	0.0
2	10027.0	0.0	0.0
2	10028.0	0.0	0.0
2	11019.0	0.0	0.0
2	11020.0	0.0	0.0
2	11021.0	0.0	0.0
2	11022.0	0.0	0.0
2	11023.0	0.0	0.0
2	11024.0	0.0	0.0
2	11025.0	0.0	0.0
2	11026.0	0.0	0.0
2	11027.0	0.0	0.0
2	11028.0	0.0	0.0
2	11029.0	0.0	0.0
2	11030.0	0.0	0.0
2	11031.0	0.0	0.0
2	11032.0	0.0	0.0
2	11033.0	0.0	0.0
2	11034.0	0.0	0.0
2	11035.0	0.0	0.0
2	12020.0	0.0	0.0
2	12021.0	0.0	0.0
2	12022.0	0.0	0.0
2	12023.0	0.0	0.0
2	12024.0	0.0	0.0
2	12025.0	0.0	0.0
2	12026.0	0.0	0.0
2	12027.0	0.0	0.0
2	12028.0	0.0	0.0
2	12029.0	0.0	0.0
2	12030.0	0.0	0.0
2	12031.0	0.0	0.0
2	12032.0	0.0	0.0
2	12033.0	0.0	0.0
2	12034.0	0.0	0.0
2	13022.0	0.0	0.0
2	13023.0	0.0	0.0
2	13024.0	0.0	0.0
2	13025.0	0.0	0.0
2	13026.0	0.0	0.0
2	13027.0	0.0	0.0
2	13028.0	0.0	0.0
2	13029.0	0.0	0.0
2	13030.0	0.0	0.0
2	13031.0	0.0	0.0
2	13032.0	0.0	0.0
2	13033.0	0.0	0.0
2	13034.0	0.0	0.0
2	13035.0	0.0	0.0
2	14024.0	0.0	0.0
2	14025.0	0.0	0.0
2	14026.0	0.0	0.0
2	14027.0	0.0	0.0
2	14028.0	0.0	0.0
2	14029.0	0.0	0.0
2	14030.0	0.0	0.0
2	14031.0	0.0	0.0
2	14032.0	0.0	0.0
2	14033.0	0.0	0.0
2	14034.0	0.0	0.0
2	14035.0	0.0	0.0
2	14036.0	0.0	0.0
2	14037.0	0.0	0.0
2	14038.0	0.0	0.0
2	14039.0	0.0	0.0
2	15026.0	0.0	0.0
2	15027.0	0.0	0.0
2	15028.0	0.0	0.0
2	15029.0	0.0	0.0
2	15030.0	0.0	0.0
2	15031.0	0.0	0.0
2	15032.0	0.0	0.0
2	15033.0	0.0	0.0
2	15034.0	0.0	0.0
2	15035.0	0.0	0.0
2	15036.0	0.0	0.0
2	15037.0	0.0	0.0
2	15038.0	0.0	0.0
2	15039.0	0.0	0.0
2	15040.0	0.0	0.0
2	15041.0	0.0	0.0
2	15042.0	0.0	0.0
2	16029.0	0.0	0.0
2	16030.0	0.0	0.0
2	16031.0	0.0	0.0
2	16032.0	0.0	0.0
2	16033.0	0.0	0.0
2	16034.0	0.0	0.0
2	16035.0	0.0	0.0
2	16036.0	0.0	0.0
2	16037.0	0.0	0.0
2	16038.0	0.0	0.0
2	16039.0	0.0	0.0
2	16040.0	0.0	0.0
2	16041.0	0.0	0.0
2	16042.0	0.0	0.0
2	16043.0	0.0	0.0
2	16044.0	0.0	0.0
2	17031.0	0.0	0.0
2	17032.0	0.0	0.0
2	17033.0	0.0	0.0
2	17034.0	0.0	0.0
2	17035.0	0.0	0.0
2	17036.0	0.0	0.0
2	17037.0	0.0	0.0
2	17038.0	0.0	0.0
2	17039.0	0.0	0.0
2	17040.0	0.0	0.0
2	17041.0	0.0	0.0
2	17042.0	0.0	0.0
2	17043.0	0.0	0.0
2	17044.0	0.0	0.0
2	17045.0	0.0	0.0
2	18032.0	0.0	0.0
2	18033.0	0.0	0.0
2	18034.0	0.0	0.0
2	18035.0	0.0	0.0
2	18036.0	0.0	0.0
2	18037.0	0.0	0.0
2	18038.0	0.0	0.0
2	18039.0	0.0	0.0
2	18040.0	0.0	0.0
2	18041.0	0.0	0.0
2	18042.0	0.0	0.0
2	18043.0	0.0	0.0
2	18044.0	0.0	0.0
2	18045.0	0.0	0.0
2	18046.0	0.0	0.0
2	19035.0	0.0	0.0
2	19036.0	0.0	0.0
2	19037.0	0.0	0.0
2	19038.0	0.0	0.0
2	19039.0	0.0	0.0
2	19040.0	0.0	0.0
2	19041.0	0.0	0.0
2	19042.0	0.0	0.0
2	19043.0	0.0	0.0
2	19044.0	0.0	0.0
2	19045.0	0.0	0.0
2	19046.0	0.0	0.0
2	19047.0	0.0	0.0
2	19048.0	0.0	0.0
2	19049.0	0.0	0.0
2	19050.0	0.0	0.0
2	19051.0	0.0	0.0
2	20036.0	0.0	0.0
2	20037.0	0.0	0.0
2	20038.0	0.0	0.0
2	20039.0	0.0	0.0
2	20040.0	0.0	0.0
2	20041.0	0.0	0.0
2	20042.0	0.0	0.0
2	20043.0	0.0	0.0
2	20044.0	0.0	0.0
2	20045.0	0.0	0.0
2	20046.0	0.0	0.0
2	20047.0	0.0	0.0
2	20048.0	0.0	0.0
2	20049.0	0.0	0.0
2	20050.0	0.0	0.0
2	20051.0	0.0	0.0
2	21040.0	0.0	0.0
2	21041.0	0.0	0.0
2	21042.0	0.0	0.0
2	21043.0	0.0	0.0
2	21044.0	0.0	0.0
2	21045.0	0.0	0.0
2	21046.0	0.0	0.0
2	21047.0	0.0	0.0
2	21048.0	0.0	0.0
2	21049.0	0.0	0.0
2	21050.0	0.0	0.0
2	21051.0	0.0	0.0
2	22041.0	0.0	0.0
2	22042.0	0.0	0.0
2	22043.0	0.0	0.0
2	22044.0	0.0	0.0
2	22045.0	0.0	0.0
2	22046.0	0.0	0.0
2	22047.0	0.0	0.0
2	22048.0	0.0	0.0
2	22049.0	0.0	0.0
2	22050.0	0.0	0.0
2	22051.0	0.0	0.0
2	22052.0	0.0	0.0
2	22053.0	0.0	0.0
2	22054.0	0.0	0.0
2	23044.0	0.0	0.0
2	23045.0	0.0	0.0
2	23046.0	0.0	0.0
2	23047.0	0.0	0.0
2	23048.0	0.0	0.0
2	23049.0	0.0	0.0
2	23050.0	0.0	0.0
2	23051.0	0.0	0.0
2	23052.0	0.0	0.0
2	23053.0	0.0	0.0
2	23054.0	0.0	0.0
2	23055.0	0.0	0.0
2	23056.0	0.0	0.0
2	24045.0	0.0	0.0
2	24046.0	0.0	0.0
2	24047.0	0.0	0.0
2	24048.0	0.0	0.0
2	24049.0	0.0	0.0
2	24050.0	0.0	0.0
2	24051.0	0.0	0.0
2	24052.0	0.0	0.0
2	24053.0	0.0	0.0
2	24054.0	0.0	0.0
2	24055.0	0.0	0.0
2	24056.0	0.0	0.0
2	24057.0	0.0	0.0
2	24058.0	0.0	0.0
2	24059.0	0.0	0.0
2	25049.0	0.0	0.0
2	25050.0	0.0	0.0
2	25051.0	0.0	0.0
2	25052.0	0.0	0.0
2	25053.0	0.0	0.0
2	25054.0	0.0	0.0
2	25055.0	0.0	0.0
2	25056.0	0.0	0.0
2	25057.0	0.0	0.0
2	25058.0	0.0	0.0
2	25059.0	0.0	0.0
2	25060.0	0.0	0.0
2	25061.0	0.0	0.0
2	25062.0	0.0	0.0
2	26049.0	0.0	0.0
2	26050.0	0.0	0.0
2	26051.0	0.0	0.0
2	26052.0	0.0	0.0
2	26053.0	0.0	0.0
2	26054.0	0.0	0.0
2	26055.0	0.0	0.0
2	26056.0	0.0	0.0
2	26057.0	0.0	0.0
2	26058.0	0.0	0.0
2	26059.0	0.0	0.0
2	26060.0	0.0	0.0
2	26061.0	0.0	0.0
2	26062.0	0.0	0.0
2	26063.0	0.0	0.0
2	26064.0	0.0	0.0
2	27053.0	0.0	0.0
2	27054.0	0.0	0.0
2	27055.0	0.0	0.0
2	27056.0	0.0	0.0
2	27057.0	0.0	0.0
2	27058.0	0.0	0.0
2	27059.0	0.0	0.0
2	27060.0	0.0	0.0
2	27061.0	0.0	0.0
2	27062.0	0.0	0.0
2	27063.0	0.0	0.0
2	27064.0	0.0	0.0
2	28053.0	0.0	0.0
2	28054.0	0.0	0.0
2	28055.0	0.0	0.0
2	28056.0	0.0	0.0
2	28057.0	0.0	0.0
2	28058.0	0.0	0.0
2	28059.0	0.0	0.0
2	28060.0	0.0	0.0
2	28061.0	0.0	0.0
2	28062.0	0.0	0.0
2	28063.0	0.0	0.0
2	28064.0	0.0	0.0
2	28065.0	0.0	0.0
2	28066.0	0.0	0.0
2	28067.0	0.0	0.0
2	28068.0	0.0	0.0
2	29057.0	0.0	0.0
2	29058.0	0.0	0.0
2	29059.0	0.0	0.0
2	29060.0	0.0	0.0
2	29061.0	0.0	0.0
2	29062.0	0.0	0.0
2	29063.0	0.0	0.0
2	29064.0	0.0	0.0
2	29065.0	0.0	0.0
2	29066.0	0.0	0.0
2	29067.0	0.0	0.0
2	29068.0	0.0	0.0
2	29069.0	0.0	0.0
2	29070.0	0.0	0.0
2	29071.0	0.0	0.0
2	29072.0	0.0	0.0
2	29073.0	0.0	0.0
2	30057.0	0.0	0.0
2	30058.0	0.0	0.0
2	30059.0	0.0	0.0
2	30060.0	0.0	0.0
2	30061.0	0.0	0.0
2	30062.0	0.0	0.0
2	30063.0	0.0	0.0
2	30064.0	0.0	0.0
2	30065.0	0.0	0.0
2	30066.0	0.0	0.0
2	30067.0	0.0	0.0
2	30068.0	0.0	0.0
2	30069.0	0.0	0.0
2	30070.0	0.0	0.0
2	30071.0	0.0	0.0
2	30072.0	0.0	0.0
2	30073.0	0.0	0.0
2	30074.0	0.0	0.0
2	30075.0	0.0	0.0
2	30076.0	0.0	0.0
2	30077.0	0.0	0.0
2	30078.0	0.0	0.0
2	31062.0	0.0	0.0
2	31063.0	0.0	0.0
2	31064.0	0.0	0.0
2	31065.0	0.0	0.0
2	31066.0	0.0	0.0
2	31067.0	0.0	0.0
2	31068.0	0.0	0.0
2	31069.0	0.0	0.0
2	31070.0	0.0	0.0
2	31071.0	0.0	0.0
2	31072.0	0.0	0.0
2	31073.0	0.0	0.0
2	31074.0	0.0	0.0
2	31075.0	0.0	0.0
2	31076.0	0.0	0.0
2	31077.0	0.0	0.0
2	31078.0	0.0	0.0
2	31079.0	0.0	0.0
2	31080.0	0.0	0.0
2	31081.0	0.0	0.0
2	31082.0	0.0	0.0
2	31083.0	0.0	0.0
2	32061.0	0.0	0.0
2	32062.0	0.0	0.0
2	32063.0	0.0	0.0
2	32064.0	0.0	0.0
2	32065.0	0.0	0.0
2	32066.0	0.0	0.0
2	32067.0	0.0	0.0
2	32068.0	0.0	0.0
2	32069.0	0.0	0.0
2	32070.0	0.0	0.0
2	32071.0	0.0	0.0
2	32072.0	0.0	0.0
2	32073.0	0.0	0.0
2	32074.0	0.0	0.0
2	32075.0	0.0	0.0
2	32076.0	0.0	0.0
2	32077.0	0.0	0.0
2	32078.0	0.0	0.0
2	32079.0	0.0	0.0
2	32080.0	0.0	0.0
2	32081.0	0.0	0.0
2	32082.0	0.0	0.0
2	32083.0	0.0	0.0
2	32084.0	0.0	0.0
2	33066.0	0.0	0.0
2	33067.0	0.0	0.0
2	33068.0	0.0	0.0
2	33069.0	0.0	0.0
2	33070.0	0.0	0.0
2	33071.0	0.0	0.0
2	33072.0	0.0	0.0
2	33073.0	0.0	0.0
2	33074.0	0.0	0.0
2	33075.0	0.0	0.0
2	33076.0	0.0	0.0
2	33077.0	0.0	0.0
2	33078.0	0.0	0.0
2	33079.0	0.0	0.0
2	33080.0	0.0	0.0
2	33081.0	0.0	0.0
2	33082.0	0.0	0.0
2	33083.0	0.0	0.0
2	33084.0	0.0	0.0
2	33085.0	0.0	0.0
2	33086.0	0.0	0.0
2	33087.0	0.0	0.0
2	34068.0	0.0	0.0
2	34069.0	0.0	0.0
2	34070.0	0.0	0.0
2	34071.0	0.0	0.0
2	34072.0	0.0	0.0
2	34073.0	0.0	0.0
2	34074.0	0.0	0.0
2	34075.0	0.0	0.0
2	34076.0	0.0	0.0
2	34077.0	0.0	0.0
2	34078.0	0.0	0.0
2	34079.0	0.0	0.0
2	34080.0	0.0	0.0
2	34081.0	0.0	0.0
2	34082.0	0.0	0.0
2	34083.0	0.0	0.0
2	34084.0	0.0	0.0
2	34085.0	0.0	0.0
2	34086.0	0.0	0.0
2	34087.0	0.0	0.0
2	34088.0	0.0	0.0
2	34089.0	0.0	0.0
2	34090.0	0.0	0.0
2	34091.0	0.0	0.0
2	35070.0	0.0	0.0
2	35071.0	0.0	0.0
2	35072.0	0.0	0.0
2	35073.0	0.0	0.0
2	35074.0	0.0	0.0
2	35075.0	0.0	0.0
2	35076.0	0.0	0.0
2	35077.0	0.0	0.0
2	35078.0	0.0	0.0
2	35079.0	0.0	0.0
2	35080.0	0.0	0.0
2	35081.0	0.0	0.0
2	35082.0	0.0	0.0
2	35083.0	0.0	0.0
2	35084.0	0.0	0.0
2	35085.0	0.0	0.0
2	35086.0	0.0	0.0
2	35087.0	0.0	0.0
2	35088.0	0.0	0.0
2	35089.0	0.0	0.0
2	35090.0	0.0	0.0
2	35091.0	0.0	0.0
2	35092.0	0.0	0.0
2	36071.0	0.0	0.0
2	36072.0	0.0	0.0
2	36073.0	0.0	0.0
2	36074.0	0.0	0.0
2	36075.0	0.0	0.0
2	36076.0	0.0	0.0
2	36077.0	0.0	0.0
2	36078.0	0.0	0.0
2	36079.0	0.0	0.0
2	36080.0	0.0	0.0
2	36081.0	0.0	0.0
2	36082.0	0.0	0.0
2	36083.0	0.0	0.0
2	36084.0	0.0	0.0
2	36085.0	0.0	0.0
2	36086.0	0.0	0.0
2	36087.0	0.0	0.0
2	36088.0	0.0	0.0
2	36089.0	0.0	0.0
2	36090.0	0.0	0.0
2	36091.0	0.0	0.0
2	36092.0	0.0	0.0
2	36093.0	0.0	0.0
2	36094.0	0.0	0.0
2	36095.0	0.0	0.0
2	36096.0	0.0	0.0
2	36097.0	0.0	0.0
2	37074.0	0.0	0.0
2	37075.0	0.0	0.0
2	37076.0	0.0	0.0
2	37077.0	0.0	0.0
2	37078.0	0.0	0.0
2	37079.0	0.0	0.0
2	37080.0	0.0	0.0
2	37081.0	0.0	0.0
2	37082.0	0.0	0.0
2	37083.0	0.0	0.0
2	37084.0	0.0	0.0
2	37085.0	0.0	0.0
2	37086.0	0.0	0.0
2	37087.0	0.0	0.0
2	37088.0	0.0	0.0
2	37089.0	0.0	0.0
2	37090.0	0.0	0.0
2	37091.0	0.0	0.0
2	37092.0	0.0	0.0
2	37093.0	0.0	0.0
2	37094.0	0.0	0.0
2	37095.0	0.0	0.0
2	37096.0	0.0	0.0
2	37097.0	0.0	0.0
2	37098.0	0.0	0.0
2	37099.0	0.0	0.0
2	37100.0	0.0	0.0
2	38077.0	0.0	0.0
2	38078.0	0.0	0.0
2	38079.0	0.0	0.0
2	38080.0	0.0	0.0
2	38081.0	0.0	0.0
2	38082.0	0.0	0.0
2	38083.0	0.0	0.0
2	38084.0	0.0	0.0
2	38085.0	0.0	0.0
2	38086.0	0.0	0.0
2	38087.0	0.0	0.0
2	38088.0	0.0	0.0
2	38089.0	0.0	0.0
2	38090.0	0.0	0.0
2	38091.0	0.0	0.0
2	38092.0	0.0	0.0
2	38093.0	0.0	0.0
2	38094.0	0.0	0.0
2	38095.0	0.0	0.0
2	38096.0	0.0	0.0
2	38097.0	0.0	0.0
2	38098.0	0.0	0.0
2	38099.0	0.0	0.0
2	38100.0	0.0	0.0
2	39080.0	0.0	0.0
2	39081.0	0.0	0.0
2	39082.0	0.0	0.0
2	39083.0	0.0	0.0
2	39084.0	0.0	0.0
2	39085.0	0.0	0.0
2	39086.0	0.0	0.0
2	39087.0	0.0	0.0
2	39088.0	0.0	0.0
2	39089.0	0.0	0.0
2	39090.0	0.0	0.0
2	39091.0	0.0	0.0
2	39092.0	0.0	0.0
2	39093.0	0.0	0.0
2	39094.0	0.0	0.0
2	39095.0	0.0	0.0
2	39096.0	0.0	0.0
2	39097.0	0.0	0.0
2	39098.0	0.0	0.0
2	39099.0	0.0	0.0
2	39100.0	0.0	0.0
2	39101.0	0.0	0.0
2	39102.0	0.0	0.0
2	40081.0	0.0	0.0
2	40082.0	0.0	0.0
2	40083.0	0.0	0.0
2	40084.0	0.0	0.0
2	40085.0	0.0	0.0
2	40086.0	0.0	0.0
2	40087.0	0.0	0.0
2	40088.0	0.0	0.0
2	40089.0	0.0	0.0
2	40090.0	0.0	0.0
2	40091.0	0.0	0.0
2	40092.0	0.0	0.0
2	40093.0	0.0	0.0
2	40094.0	0.0	0.0
2	40095.0	0.0	0.0
2	40096.0	0.0	0.0
2	40097.0	0.0	0.0
2	40098.0	0.0	0.0
2	40099.0	0.0	0.0
2	40100.0	0.0	0.0
2	40101.0	0.0	0.0
2	40102.0	0.0	0.0
2	41084.0	0.0	0.0
2	41085.0	0.0	0.0
2	41086.0	0.0	0.0
2	41087.0	0.0	0.0
2	41088.0	0.0	0.0
2	41089.0	0.0	0.0
2	41090.0	0.0	0.0
2	41091.0	0.0	0.0
2	41092.0	0.0	0.0
2	41093.0	0.0	0.0
2	41094.0	0.0	0.0
2	41095.0	0.0	0.0
2	41096.0	0.0	0.0
2	41097.0	0.0	0.0
2	41098.0	0.0	0.0
2	41099.0	0.0	0.0
2	41100.0	0.0	0.0
2	41101.0	0.0	0.0
2	41102.0	0.0	0.0
2	41103.0	0.0	0.0
2	41104.0	0.0	0.0
2	41105.0	0.0	0.0
2	41106.0	0.0	0.0
2	42087.0	0.0	0.0
2	42088.0	0.0	0.0
2	42089.0	0.0	0.0
2	42090.0	0.0	0.0
2	42091.0	0.0	0.0
2	42092.0	0.0	0.0
2	42093.0	0.0	0.0
2	42094.0	0.0	0.0
2	42095.0	0.0	0.0
2	42096.0	0.0	0.0
2	42097.0	0.0	0.0
2	42098.0	0.0	0.0
2	42099.0	0.0	0.0
2	42100.0	0.0	0.0
2	42101.0	0.0	0.0
2	42102.0	0.0	0.0
2	42103.0	0.0	0.0
2	42104.0	0.0	0.0
2	42105.0	0.0	0.0
2	42106.0	0.0	0.0
2	42107.0	0.0	0.0
2	42108.0	0.0	0.0
2	43090.0	0.0	0.0
2	43091.0	0.0	0.0
2	43092.0	0.0	0.0
2	43093.0	0.0	0.0
2	43094.0	0.0	0.0
2	43095.0	0.0	0.0
2	43096.0	0.0	0.0
2	43097.0	0.0	0.0
2	43098.0	0.0	0.0
2	43099.0	0.0	0.0
2	43100.0	0.0	0.0
2	43101.0	0.0	0.0
2	43102.0	0.0	0.0
2	43103.0	0.0	0.0
2	43104.0	0.0	0.0
2	43105.0	0.0	0.0
2	43106.0	0.0	0.0
2	43107.0	0.0	0.0
2	43108.0	0.0	0.0
2	43109.0	0.0	0.0
2	43110.0	0.0	0.0
2	44092.0	0.0	0.0
2	44093.0	0.0	0.0
2	44094.0	0.0	0.0
2	44095.0	0.0	0.0
2	44096.0	0.0	0.0
2	44097.0	0.0	0.0
2	44098.0	0.0	0.0
2	44099.0	0.0	0.0
2	44100.0	0.0	0.0
2	44101.0	0.0	0.0
2	44102.0	0.0	0.0
2	44103.0	0.0	0.0
2	44104.0	0.0	0.0
2	44105.0	0.0	0.0
2	44106.0	0.0	0.0
2	44107.0	0.0	0.0
2	44108.0	0.0	0.0
2	44109.0	0.0	0.0
2	44110.0	0.0	0.0
2	44111.0	0.0	0.0
2	44112.0	0.0	0.0
2	44113.0	0.0	0.0
2	45094.0	0.0	0.0
2	45095.0	0.0	0.0
2	45096.0	0.0	0.0
2	45097.0	0.0	0.0
2	45098.0	0.0	0.0
2	45099.0	0.0	0.0
2	45100.0	0.0	0.0
2	45101.0	0.0	0.0
2	45102.0	0.0	0.0
2	45103.0	0.0	0.0
2	45104.0	0.0	0.0
2	45105.0	0.0	0.0
2	45106.0	0.0	0.0
2	45107.0	0.0	0.0
2	45108.0	0.0	0.0
2	45109.0	0.0	0.0
2	45110.0	0.0	0.0
2	45111.0	0.0	0.0
2	45112.0	0.0	0.0
2	45113.0	0.0	0.0
2	45114.0	0.0	0.0
2	46096.0	0.0	0.0
2	46097.0	0.0	0.0
2	46098.0	0.0	0.0
2	46099.0	0.0	0.0
2	46100.0	0.0	0.0
2	46101.0	0.0	0.0
2	46102.0	0.0	0.0
2	46103.0	0.0	0.0
2	46104.0	0.0	0.0
2	46105.0	0.0	0.0
2	46106.0	0.0	0.0
2	46107.0	0.0	0.0
2	46108.0	0.0	0.0
2	46109.0	0.0	0.0
2	46110.0	0.0	0.0
2	46111.0	0.0	0.0
2	46112.0	0.0	0.0
2	46113.0	0.0	0.0
2	46114.0	0.0	0.0
2	46115.0	0.0	0.0
2	46116.0	0.0	0.0
2	46117.0	0.0	0.0
2	46118.0	0.0	0.0
2	47096.0	0.0	0.0
2	47097.0	0.0	0.0
2	47098.0	0.0	0.0
2	47099.0	0.0	0.0
2	47100.0	0.0	0.0
2	47101.0	0.0	0.0
2	47102.0	0.0	0.0
2	47103.0	0.0	0.0
2	47104.0	0.0	0.0
2	47105.0	0.0	0.0
2	47106.0	0.0	0.0
2	47107.0	0.0	0.0
2	47108.0	0.0	0.0
2	47109.0	0.0	0.0
2	47110.0	0.0	0.0
2	47111.0	0.0	0.0
2	47112.0	0.0	0.0
2	47113.0	0.0	0.0
2	47114.0	0.0	0.0
2	47115.0	0.0	0.0
2	47116.0	0.0	0.0
2	47117.0	0.0	0.0
2	47118.0	0.0	0.0
2	47119.0	0.0	0.0
2	47120.0	0.0	0.0
2	47121.0	0.0	0.0
2	47122.0	0.0	0.0
2	47123.0	0.0	0.0
2	48097.0	0.0	0.0
2	48098.0	0.0	0.0
2	48099.0	0.0	0.0
2	48100.0	0.0	0.0
2	48101.0	0.0	0.0
2	48102.0	0.0	0.0
2	48103.0	0.0	0.0
2	48104.0	0.0	0.0
2	48105.0	0.0	0.0
2	48106.0	0.0	0.0
2	48107.0	0.0	0.0
2	48108.0	0.0	0.0
2	48109.0	0.0	0.0
2	48110.0	0.0	0.0
2	48111.0	0.0	0.0
2	48112.0	0.0	0.0
2	48113.0	0.0	0.0
2	48114.0	0.0	0.0
2	48115.0	0.0	0.0
2	48116.0	0.0	0.0
2	48117.0	0.0	0.0
2	48118.0	0.0	0.0
2	48119.0	0.0	0.0
2	48120.0	0.0	0.0
2	48121.0	0.0	0.0
2	48122.0	0.0	0.0
2	48123.0	0.0	0.0
2	48124.0	0.0	0.0
2	48125.0	0.0	0.0
2	48126.0	0.0	0.0
2	49100.0	0.0	0.0
2	49101.0	0.0	0.0
2	49102.0	0.0	0.0
2	49103.0	0.0	0.0
2	49104.0	0.0	0.0
2	49105.0	0.0	0.0
2	49106.0	0.0	0.0
2	49107.0	0.0	0.0
2	49108.0	0.0	0.0
2	49109.0	0.0	0.0
2	49110.0	0.0	0.0
2	49111.0	0.0	0.0
2	49112.0	0.0	0.0
2	49113.0	0.0	0.0
2	49114.0	0.0	0.0
2	49115.0	0.0	0.0
2	49116.0	0.0	0.0
2	49117.0	0.0	0.0
2	49118.0	0.0	0.0
2	49119.0	0.0	0.0
2	49120.0	0.0	0.0
2	49121.0	0.0	0.0
2	49122.0	0.0	0.0
2	49123.0	0.0	0.0
2	49124.0	0.0	0.0
2	49125.0	0.0	0.0
2	49126.0	0.0	0.0
2	49127.0	0.0	0.0
2	49128.0	0.0	0.0
2	49129.0	0.0	0.0
2	49130.0	0.0	0.0
2	49131.0	0.0	0.0
2	49132.0	0.0	0.0
2	50103.0	0.0	0.0
2	50104.0	0.0	0.0
2	50105.0	0.0	0.0
2	50106.0	0.0	0.0
2	50107.0	0.0	0.0
2	50108.0	0.0	0.0
2	50109.0	0.0	0.0
2	50110.0	0.0	0.0
2	50111.0	0.0	0.0
2	50112.0	0.0	0.0
2	50113.0	0.0	0.0
2	50114.0	0.0	0.0
2	50115.0	0.0	0.0
2	50116.0	0.0	0.0
2	50117.0	0.0	0.0
2	50118.0	0.0	0.0
2	50119.0	0.0	0.0
2	50120.0	0.0	0.0
2	50121.0	0.0	0.0
2	50122.0	0.0	0.0
2	50123.0	0.0	0.0
2	50124.0	0.0	0.0
2	50125.0	0.0	0.0
2	50126.0	0.0	0.0
2	50127.0	0.0	0.0
2	50128.0	0.0	0.0
2	50129.0	0.0	0.0
2	50130.0	0.0	0.0
2	50131.0	0.0	0.0
2	50132.0	0.0	0.0
2	50133.0	0.0	0.0
2	50134.0	0.0	0.0
2	51108.0	0.0	0.0
2	51109.0	0.0	0.0
2	51110.0	0.0	0.0
2	51111.0	0.0	0.0
2	51112.0	0.0	0.0
2	51113.0	0.0	0.0
2	51114.0	0.0	0.0
2	51115.0	0.0	0.0
2	51116.0	0.0	0.0
2	51117.0	0.0	0.0
2	51118.0	0.0	0.0
2	51119.0	0.0	0.0
2	51120.0	0.0	0.0
2	51121.0	0.0	0.0
2	51122.0	0.0	0.0
2	51123.0	0.0	0.0
2	51124.0	0.0	0.0
2	51125.0	0.0	0.0
2	51126.0	0.0	0.0
2	51127.0	0.0	0.0
2	51128.0	0.0	0.0
2	51129.0	0.0	0.0
2	51130.0	0.0	0.0
2	51131.0	0.0	0.0
2	51132.0	0.0	0.0
2	51133.0	0.0	0.0
2	51134.0	0.0	0.0
2	51135.0	0.0	0.0
2	51136.0	0.0	0.0
2	52106.0	0.0	0.0
2	52107.0	0.0	0.0
2	52108.0	0.0	0.0
2	52109.0	0.0	0.0
2	52110.0	0.0	0.0
2	52111.0	0.0	0.0
2	52112.0	0.0	0.0
2	52113.0	0.0	0.0
2	52114.0	0.0	0.0
2	52115.0	0.0	0.0
2	52116.0	0.0	0.0
2	52117.0	0.0	0.0
2	52118.0	0.0	0.0
2	52119.0	0.0	0.0
2	52120.0	0.0	0.0
2	52121.0	0.0	0.0
2	52122.0	0.0	0.0
2	52123.0	0.0	0.0
2	52124.0	0.0	0.0
2	52125.0	0.0	0.0
2	52126.0	0.0	0.0
2	52127.0	0.0	0.0
2	52128.0	0.0	0.0
2	52129.0	0.0	0.0
2	52130.0	0.0	0.0
2	52131.0	0.0	0.0
2	52132.0	0.0	0.0
2	52133.0	0.0	0.0
2	52134.0	0.0	0.0
2	52135.0	0.0	0.0
2	52136.0	0.0	0.0
2	52137.0	0.0	0.0
2	52138.0	0.0	0.0
2	53110.0	0.0	0.0
2	53111.0	0.0	0.0
2	53112.0	0.0	0.0
2	53113.0	0.0	0.0
2	53114.0	0.0	0.0
2	53115.0	0.0	0.0
2	53116.0	0.0	0.0
2	53117.0	0.0	0.0
2	53118.0	0.0	0.0
2	53119.0	0.0	0.0
2	53120.0	0.0	0.0
2	53121.0	0.0	0.0
2	53122.0	0.0	0.0
2	53123.0	0.0	0.0
2	53124.0	0.0	0.0
2	53125.0	0.0	0.0
2	53126.0	0.0	0.0
2	53127.0	0.0	0.0
2	53128.0	0.0	0.0
2	53129.0	0.0	0.0
2	53130.0	0.0	0.0
2	53131.0	0.0	0.0
2	53132.0	0.0	0.0
2	53133.0	0.0	0.0
2	53134.0	0.0	0.0
2	53135.0	0.0	0.0
2	53136.0	0.0	0.0
2	53137.0	0.0	0.0
2	53138.0	0.0	0.0
2	53139.0	0.0	0.0
2	53140.0	0.0	0.0
2	53141.0	0.0	0.0
2	53142.0	0.0	0.0
2	54110.0	0.0	0.0
2	54111.0	0.0	0.0
2	54112.0	0.0	0.0
2	54113.0	0.0	0.0
2	54114.0	0.0	0.0
2	54115.0	0.0	0.0
2	54116.0	0.0	0.0
2	54117.0	0.0	0.0
2	54118.0	0.0	0.0
2	54119.0	0.0	0.0
2	54120.0	0.0	0.0
2	54121.0	0.0	0.0
2	54122.0	0.0	0.0
2	54123.0	0.0	0.0
2	54124.0	0.0	0.0
2	54125.0	0.0	0.0
2	54126.0	0.0	0.0
2	54127.0	0.0	0.0
2	54128.0	0.0	0.0
2	54129.0	0.0	0.0
2	54130.0	0.0	0.0
2	54131.0	0.0	0.0
2	54132.0	0.0	0.0
2	54133.0	0.0	0.0
2	54134.0	0.0	0.0
2	54135.0	0.0	0.0
2	54136.0	0.0	0.0
2	54137.0	0.0	0.0
2	54138.0	0.0	0.0
2	54139.0	0.0	0.0
2	54140.0	0.0	0.0
2	54141.0	0.0	0.0
2	54142.0	0.0	0.0
2	54143.0	0.0	0.0
2	54144.0	0.0	0.0
2	54145.0	0.0	0.0
2	55114.0	0.0	0.0
2	55115.0	0.0	0.0
2	55116.0	0.0	0.0
2	55117.0	0.0	0.0
2	55118.0	0.0	0.0
2	55119.0	0.0	0.0
2	55120.0	0.0	0.0
2	55121.0	0.0	0.0
2	55122.0	0.0	0.0
2	55123.0	0.0	0.0
2	55124.0	0.0	0.0
2	55125.0	0.0	0.0
2	55126.0	0.0	0.0
2	55127.0	0.0	0.0
2	55128.0	0.0	0.0
2	55129.0	0.0	0.0
2	55130.0	0.0	0.0
2	55131.0	0.0	0.0
2	55132.0	0.0	0.0
2	55133.0	0.0	0.0
2	55134.0	0.0	0.0
2	55135.0	0.0	0.0
2	55136.0	0.0	0.0
2	55137.0	0.0	0.0
2	55138.0	0.0	0.0
2	55139.0	0.0	0.0
2	55140.0	0.0	0.0
2	55141.0	0.0	0.0
2	55142.0	0.0	0.0
2	55143.0	0.0	0.0
2	55144.0	0.0	0.0
2	55145.0	0.0	0.0
2	55146.0	0.0	0.0
2	55147.0	0.0	0.0
2	55148.0	0.0	0.0
2	56117.0	0.0	0.0
2	56118.0	0.0	0.0
2	56119.0	0.0	0.0
2	56120.0	0.0	0.0
2	56121.0	0.0	0.0
2	56122.0	0.0	0.0
2	56123.0	0.0	0.0
2	56124.0	0.0	0.0
2	56125.0	0.0	0.0
2	56126.0	0.0	0.0
2	56127.0	0.0	0.0
2	56128.0	0.0	0.0
2	56129.0	0.0	0.0
2	56130.0	0.0	0.0
2	56131.0	0.0	0.0
2	56132.0	0.0	0.0
2	56133.0	0.0	0.0
2	56134.0	0.0	0.0
2	56135.0	0.0	0.0
2	56136.0	0.0	0.0
2	56137.0	0.0	0.0
2	56138.0	0.0	0.0
2	56139.0	0.0	0.0
2	56140.0	0.0	0.0
2	56141.0	0.0	0.0
2	56142.0	0.0	0.0
2	56143.0	0.0	0.0
2	56144.0	0.0	0.0
2	56145.0	0.0	0.0
2	56146.0	0.0	0.0
2	56147.0	0.0	0.0
2	56148.0	0.0	0.0
2	57123.0	0.0	0.0
2	57124.0	0.0	0.0
2	57125.0	0.0	0.0
2	57126.0	0.0	0.0
2	57127.0	0.0	0.0
2	57128.0	0.0	0.0
2	57129.0	0.0	0.0
2	57130.0	0.0	0.0
2	57131.0	0.0	0.0
2	57132.0	0.0	0.0
2	57133.0	0.0	0.0
2	57134.0	0.0	0.0
2	57135.0	0.0	0.0
2	57136.0	0.0	0.0
2	57137.0	0.0	0.0
2	57138.0	0.0	0.0
2	57139.0	0.0	0.0
2	57140.0	0.0	0.0
2	57141.0	0.0	0.0
2	57142.0	0.0	0.0
2	57143.0	0.0	0.0
2	57144.0	0.0	0.0
2	57145.0	0.0	0.0
2	57146.0	0.0	0.0
2	57147.0	0.0	0.0
2	57148.0	0.0	0.0
2	57149.0	0.0	0.0
2	58124.0	0.0	0.0
2	58125.0	0.0	0.0
2	58126.0	0.0	0.0
2	58127.0	0.0	0.0
2	58128.0	0.0	0.0
2	58129.0	0.0	0.0
2	58130.0	0.0	0.0
2	58131.0	0.0	0.0
2	58132.0	0.0	0.0
2	58133.0	0.0	0.0
2	58134.0	0.0	0.0
2	58135.0	0.0	0.0
2	58136.0	0.0	0.0
2	58137.0	0.0	0.0
2	58138.0	0.0	0.0
2	58139.0	0.0	0.0
2	58140.0	0.0	0.0
2	58141.0	0.0	0.0
2	58142.0	0.0	0.0
2	58143.0	0.0	0.0
2	58144.0	0.0	0.0
2	58145.0	0.0	0.0
2	58146.0	0.0	0.0
2	58147.0	0.0	0.0
2	58148.0	0.0	0.0
2	58149.0	0.0	0.0
2	58150.0	0.0	0.0
2	58151.0	0.0	0.0
2	59129.0	0.0	0.0
2	59130.0	0.0	0.0
2	59131.0	0.0	0.0
2	59132.0	0.0	0.0
2	59133.0	0.0	0.0
2	59134.0	0.0	0.0
2	59135.0	0.0	0.0
2	59136.0	0.0	0.0
2	59137.0	0.0	0.0
2	59138.0	0.0	0.0
2	59139.0	0.0	0.0
2	59140.0	0.0	0.0
2	59141.0	0.0	0.0
2	59142.0	0.0	0.0
2	59143.0	0.0	0.0
2	59144.0	0.0	0.0
2	59145.0	0.0	0.0
2	59146.0	0.0	0.0
2	59147.0	0.0	0.0
2	59148.0	0.0	0.0
2	59149.0	0.0	0.0
2	59150.0	0.0	0.0
2	59151.0	0.0	0.0
2	59152.0	0.0	0.0
2	60129.0	0.0	0.0
2	60130.0	0.0	0.0
2	60131.0	0.0	0.0
2	60132.0	0.0	0.0
2	60133.0	0.0	0.0
2	60134.0	0.0	0.0
2	60135.0	0.0	0.0
2	60136.0	0.0	0.0
2	60137.0	0.0	0.0
2	60138.0	0.0	0.0
2	60139.0	0.0	0.0
2	60140.0	0.0	0.0
2	60141.0	0.0	0.0
2	60142.0	0.0	0.0
2	60143.0	0.0	0.0
2	60144.0	0.0	0.0
2	60145.0	0.0	0.0
2	60146.0	0.0	0.0
2	60147.0	0.0	0.0
2	60148.0	0.0	0.0
2	60149.0	0.0	0.0
2	60150.0	0.0	0.0
2	60151.0	0.0	0.0
2	60152.0	0.0	0.0
2	60153.0	0.0	0.0
2	60154.0	0.0	0.0
2	61132.0	0.0	0.0
2	61133.0	0.0	0.0
2	61134.0	0.0	0.0
2	61135.0	0.0	0.0
2	61136.0	0.0	0.0
2	61137.0	0.0	0.0
2	61138.0	0.0	0.0
2	61139.0	0.0	0.0
2	61140.0	0.0	0.0
2	61141.0	0.0	0.0
2	61142.0	0.0	0.0
2	61143.0	0.0	0.0
2	61144.0	0.0	0.0
2	61145.0	0.0	0.0
2	61146.0	0.0	0.0
2	61147.0	0.0	0.0
2	61148.0	0.0	0.0
2	61149.0	0.0	0.0
2	61150.0	0.0	0.0
2	61151.0	0.0	0.0
2	61152.0	0.0	0.0
2	61153.0	0.0	0.0
2	61154.0	0.0	0.0
2	61155.0	0.0	0.0
2	62133.0	0.0	0.0
2	62134.0	0.0	0.0
2	62135.0	0.0	0.0
2	62136.0	0.0	0.0
2	62137.0	0.0	0.0
2	62138.0	0.0	0.0
2	62139.0	0.0	0.0
2	62140.0	0.0	0.0
2	62141.0	0.0	0.0
2	62142.0	0.0	0.0
2	62143.0	0.0	0.0
2	62144.0	0.0	0.0
2	62145.0	0.0	0.0
2	62146.0	0.0	0.0
2	62147.0	0.0	0.0
2	62148.0	0.0	0.0
2	62149.0	0.0	0.0
2	62150.0	0.0	0.0
2	62151.0	0.0	0.0
2	62152.0	0.0	0.0
2	62153.0	0.0	0.0
2	62154.0	0.0	0.0
2	62155.0	0.0	0.0
2	62156.0	0.0	0.0
2	62157.0	0.0	0.0
2	62158.0	0.0	0.0
2	63138.0	0.0	0.0
2	63139.0	0.0	0.0
2	63140.0	0.0	0.0
2	63141.0	0.0	0.0
2	63142.0	0.0	0.0
2	63143.0	0.0	0.0
2	63144.0	0.0	0.0
2	63145.0	0.0	0.0
2	63146.0	0.0	0.0
2	63147.0	0.0	0.0
2	63148.0	0.0	0.0
2	63149.0	0.0	0.0
2	63150.0	0.0	0.0
2	63151.0	0.0	0.0
2	63152.0	0.0	0.0
2	63153.0	0.0	0.0
2	63154.0	0.0	0.0
2	63155.0	0.0	0.0
2	63156.0	0.0	0.0
2	63157.0	0.0	0.0
2	63158.0	0.0	0.0
2	63159.0	0.0	0.0
2	63160.0	0.0	0.0
2	64142.0	0.0	0.0
2	64143.0	0.0	0.0
2	64144.0	0.0	0.0
2	64145.0	0.0	0.0
2	64146.0	0.0	0.0
2	64147.0	0.0	0.0
2	64148.0	0.0	0.0
2	64149.0	0.0	0.0
2	64150.0	0.0	0.0
2	64151.0	0.0	0.0
2	64152.0	0.0	0.0
2	64153.0	0.0	0.0
2	64154.0	0.0	0.0
2	64155.0	0.0	0.0
2	64156.0	0.0	0.0
2	64157.0	0.0	0.0
2	64158.0	0.0	0.0
2	64159.0	0.0	0.0
2	64160.0	0.0	0.0
2	64161.0	0.0	0.0
2	64162.0	0.0	0.0
2	64163.0	0.0	0.0
2	65144.0	0.0	0.0
2	65145.0	0.0	0.0
2	65146.0	0.0	0.0
2	65147.0	0.0	0.0
2	65148.0	0.0	0.0
2	65149.0	0.0	0.0
2	65150.0	0.0	0.0
2	65151.0	0.0	0.0
2	65152.0	0.0	0.0
2	65153.0	0.0	0.0
2	65154.0	0.0	0.0
2	65155.0	0.0	0.0
2	65156.0	0.0	0.0
2	65157.0	0.0	0.0
2	65158.0	0.0	0.0
2	65159.0	0.0	0.0
2	65160.0	0.0	0.0
2	65161.0	0.0	0.0
2	65162.0	0.0	0.0
2	65163.0	0.0	0.0
2	65164.0	0.0	0.0
2	65165.0	0.0	0.0
2	66145.0	0.0	0.0
2	66146.0	0.0	0.0
2	66147.0	0.0	0.0
2	66148.0	0.0	0.0
2	66149.0	0.0	0.0
2	66150.0	0.0	0.0
2	66151.0	0.0	0.0
2	66152.0	0.0	0.0
2	66153.0	0.0	0.0
2	66154.0	0.0	0.0
2	66155.0	0.0	0.0
2	66156.0	0.0	0.0
2	66157.0	0.0	0.0
2	66158.0	0.0	0.0
2	66159.0	0.0	0.0
2	66160.0	0.0	0.0
2	66161.0	0.0	0.0
2	66162.0	0.0	0.0
2	66163.0	0.0	0.0
2	66164.0	0.0	0.0
2	66165.0	0.0	0.0
2	66166.0	0.0	0.0
2	66167.0	0.0	0.0
2	66168.0	0.0	0.0
2	67147.0	0.0	0.0
2	67148.0	0.0	0.0
2	67149.0	0.0	0.0
2	67150.0	0.0	0.0
2	67151.0	0.0	0.0
2	67152.0	0.0	0.0
2	67153.0	0.0	0.0
2	67154.0	0.0	0.0
2	67155.0	0.0	0.0
2	67156.0	0.0	0.0
2	67157.0	0.0	0.0
2	67158.0	0.0	0.0
2	67159.0	0.0	0.0
2	67160.0	0.0	0.0
2	67161.0	0.0	0.0
2	67162.0	0.0	0.0
2	67163.0	0.0	0.0
2	67164.0	0.0	0.0
2	67165.0	0.0	0.0
2	67166.0	0.0	0.0
2	67167.0	0.0	0.0
2	67168.0	0.0	0.0
2	67169.0	0.0	0.0
2	67170.0	0.0	0.0
2	68147.0	0.0	0.0
2	68148.0	0.0	0.0
2	68149.0	0.0	0.0
2	68150.0	0.0	0.0
2	68151.0	0.0	0.0
2	68152.0	0.0	0.0
2	68153.0	0.0	0.0
2	68154.0	0.0	0.0
2	68155.0	0.0	0.0
2	68156.0	0.0	0.0
2	68157.0	0.0	0.0
2	68158.0	0.0	0.0
2	68159.0	0.0	0.0
2	68160.0	0.0	0.0
2	68161.0	0.0	0.0
2	68162.0	0.0	0.0
2	68163.0	0.0	0.0
2	68164.0	0.0	0.0
2	68165.0	0.0	0.0
2	68166.0	0.0	0.0
2	68167.0	0.0	0.0
2	68168.0	0.0	0.0
2	68169.0	0.0	0.0
2	68170.0	0.0	0.0
2	68171.0	0.0	0.0
2	68172.0	0.0	0.0
2	68173.0	0.0	0.0
2	69151.0	0.0	0.0
2	69152.0	0.0	0.0
2	69153.0	0.0	0.0
2	69154.0	0.0	0.0
2	69155.0	0.0	0.0
2	69156.0	0.0	0.0
2	69157.0	0.0	0.0
2	69158.0	0.0	0.0
2	69159.0	0.0	0.0
2	69160.0	0.0	0.0
2	69161.0	0.0	0.0
2	69162.0	0.0	0.0
2	69163.0	0.0	0.0
2	69164.0	0.0	0.0
2	69165.0	0.0	0.0
2	69166.0	0.0	0.0
2	69167.0	0.0	0.0
2	69168.0	0.0	0.0
2	69169.0	0.0	0.0
2	69170.0	0.0	0.0
2	69171.0	0.0	0.0
2	69172.0	0.0	0.0
2	69173.0	0.0	0.0
2	69174.0	0.0	0.0
2	69175.0	0.0	0.0
2	69176.0	0.0	0.0
2	70153.0	0.0	0.0
2	70154.0	0.0	0.0
2	70155.0	0.0	0.0
2	70156.0	0.0	0.0
2	70157.0	0.0	0.0
2	70158.0	0.0	0.0
2	70159.0	0.0	0.0
2	70160.0	0.0	0.0
2	70161.0	0.0	0.0
2	70162.0	0.0	0.0
2	70163.0	0.0	0.0
2	70164.0	0.0	0.0
2	70165.0	0.0	0.0
2	70166.0	0.0	0.0
2	70167.0	0.0	0.0
2	70168.0	0.0	0.0
2	70169.0	0.0	0.0
2	70170.0	0.0	0.0
2	70171.0	0.0	0.0
2	70172.0	0.0	0.0
2	70173.0	0.0	0.0
2	70174.0	0.0	0.0
2	70175.0	0.0	0.0
2	70176.0	0.0	0.0
2	70177.0	0.0	0.0
2	70178.0	0.0	0.0
2	70179.0	0.0	0.0
2	71151.0	0.0	0.0
2	71152.0	0.0	0.0
2	71153.0	0.0	0.0
2	71154.0	0.0	0.0
2	71155.0	0.0	0.0
2	71156.0	0.0	0.0
2	71157.0	0.0	0.0
2	71158.0	0.0	0.0
2	71159.0	0.0	0.0
2	71160.0	0.0	0.0
2	71161.0	0.0	0.0
2	71162.0	0.0	0.0
2	71163.0	0.0	0.0
2	71164.0	0.0	0.0
2	71165.0	0.0	0.0
2	71166.0	0.0	0.0
2	71167.0	0.0	0.0
2	71168.0	0.0	0.0
2	71169.0	0.0	0.0
2	71170.0	0.0	0.0
2	71171.0	0.0	0.0
2	71172.0	0.0	0.0
2	71173.0	0.0	0.0
2	71174.0	0.0	0.0
2	71175.0	0.0	0.0
2	71176.0	0.0	0.0
2	71177.0	0.0	0.0
2	71178.0	0.0	0.0
2	71179.0	0.0	0.0
2	71180.0	0.0	0.0
2	71181.0	0.0	0.0
2	71182.0	0.0	0.0
2	71183.0	0.0	0.0
2	72154.0	0.0	0.0
2	72155.0	0.0	0.0
2	72156.0	0.0	0.0
2	72157.0	0.0	0.0
2	72158.0	0.0	0.0
2	72159.0	0.0	0.0
2	72160.0	0.0	0.0
2	72161.0	0.0	0.0
2	72162.0	0.0	0.0
2	72163.0	0.0	0.0
2	72164.0	0.0	0.0
2	72165.0	0.0	0.0
2	72166.0	0.0	0.0
2	72167.0	0.0	0.0
2	72168.0	0.0	0.0
2	72169.0	0.0	0.0
2	72170.0	0.0	0.0
2	72171.0	0.0	0.0
2	72172.0	0.0	0.0
2	72173.0	0.0	0.0
2	72174.0	0.0	0.0
2	72175.0	0.0	0.0
2	72176.0	0.0	0.0
2	72177.0	0.0	0.0
2	72178.0	0.0	0.0
2	72179.0	0.0	0.0
2	72180.0	0.0	0.0
2	72181.0	0.0	0.0
2	72182.0	0.0	0.0
2	72183.0	0.0	0.0
2	72184.0	0.0	0.0
2	73157.0	0.0	0.0
2	73158.0	0.0	0.0
2	73159.0	0.0	0.0
2	73160.0	0.0	0.0
2	73161.0	0.0	0.0
2	73162.0	0.0	0.0
2	73163.0	0.0	0.0
2	73164.0	0.0	0.0
2	73165.0	0.0	0.0
2	73166.0	0.0	0.0
2	73167.0	0.0	0.0
2	73168.0	0.0	0.0
2	73169.0	0.0	0.0
2	73170.0	0.0	0.0
2	73171.0	0.0	0.0
2	73172.0	0.0	0.0
2	73173.0	0.0	0.0
2	73174.0	0.0	0.0
2	73175.0	0.0	0.0
2	73176.0	0.0	0.0
2	73177.0	0.0	0.0
2	73178.0	0.0	0.0
2	73179.0	0.0	0.0
2	73180.0	0.0	0.0
2	73181.0	0.0	0.0
2	73182.0	0.0	0.0
2	73183.0	0.0	0.0
2	73184.0	0.0	0.0
2	73185.0	0.0	0.0
2	73186.0	0.0	0.0
2	74158.0	0.0	0.0
2	74159.0	0.0	0.0
2	74160.0	0.0	0.0
2	74161.0	0.0	0.0
2	74162.0	0.0	0.0
2	74163.0	0.0	0.0
2	74164.0	0.0	0.0
2	74165.0	0.0	0.0
2	74166.0	0.0	0.0
2	74167.0	0.0	0.0
2	74168.0	0.0	0.0
2	74169.0	0.0	0.0
2	74170.0	0.0	0.0
2	74171.0	0.0	0.0
2	74172.0	0.0	0.0
2	74173.0	0.0	0.0
2	74174.0	0.0	0.0
2	74175.0	0.0	0.0
2	74176.0	0.0	0.0
2	74177.0	0.0	0.0
2	74178.0	0.0	0.0
2	74179.0	0.0	0.0
2	74180.0	0.0	0.0
2	74181.0	0.0	0.0
2	74182.0	0.0	0.0
2	74183.0	0.0	0.0
2	74184.0	0.0	0.0
2	74185.0	0.0	0.0
2	74186.0	0.0	0.0
2	74187.0	0.0	0.0
2	74188.0	0.0	0.0
2	74189.0	0.0	0.0
2	74190.0	0.0	0.0
2	75161.0	0.0	0.0
2	75162.0	0.0	0.0
2	75163.0	0.0	0.0
2	75164.0	0.0	0.0
2	75165.0	0.0	0.0
2	75166.0	0.0	0.0
2	75167.0	0.0	0.0
2	75168.0	0.0	0.0
2	75169.0	0.0	0.0
2	75170.0	0.0	0.0
2	75171.0	0.0	0.0
2	75172.0	0.0	0.0
2	75173.0	0.0	0.0
2	75174.0	0.0	0.0
2	75175.0	0.0	0.0
2	75176.0	0.0	0.0
2	75177.0	0.0	0.0
2	75178.0	0.0	0.0
2	75179.0	0.0	0.0
2	75180.0	0.0	0.0
2	75181.0	0.0	0.0
2	75182.0	0.0	0.0
2	75183.0	0.0	0.0
2	75184.0	0.0	0.0
2	75185.0	0.0	0.0
2	75186.0	0.0	0.0
2	75187.0	0.0	0.0
2	75188.0	0.0	0.0
2	75189.0	0.0	0.0
2	75190.0	0.0	0.0
2	75191.0	0.0	0.0
2	75192.0	0.0	0.0
2	76163.0	0.0	0.0
2	76164.0	0.0	0.0
2	76165.0	0.0	0.0
2	76166.0	0.0	0.0
2	76167.0	0.0	0.0
2	76168.0	0.0	0.0
2	76169.0	0.0	0.0
2	76170.0	0.0	0.0
2	76171.0	0.0	0.0
2	76172.0	0.0	0.0
2	76173.0	0.0	0.0
2	76174.0	0.0	0.0
2	76175.0	0.0	0.0
2	76176.0	0.0	0.0
2	76177.0	0.0	0.0
2	76178.0	0.0	0.0
2	76179.0	0.0	0.0
2	76180.0	0.0	0.0
2	76181.0	0.0	0.0
2	76182.0	0.0	0.0
2	76183.0	0.0	0.0
2	76184.0	0.0	0.0
2	76185.0	0.0	0.0
2	76186.0	0.0	0.0
2	76187.0	0.0	0.0
2	76188.0	0.0	0.0
2	76189.0	0.0	0.0
2	76190.0	0.0	0.0
2	76191.0	0.0	0.0
2	76192.0	0.0	0.0
2	76193.0	0.0	0.0
2	76194.0	0.0	0.0
2	76195.0	0.0	0.0
2	76196.0	0.0	0.0
2	77166.0	0.0	0.0
2	77167.0	0.0	0.0
2	77168.0	0.0	0.0
2	77169.0	0.0	0.0
2	77170.0	0.0	0.0
2	77171.0	0.0	0.0
2	77172.0	0.0	0.0
2	77173.0	0.0	0.0
2	77174.0	0.0	0.0
2	77175.0	0.0	0.0
2	77176.0	0.0	0.0
2	77177.0	0.0	0.0
2	77178.0	0.0	0.0
2	77179.0	0.0	0.0
2	77180.0	0.0	0.0
2	77181.0	0.0	0.0
2	77182.0	0.0	0.0
2	77183.0	0.0	0.0
2	77184.0	0.0	0.0
2	77185.0	0.0	0.0
2	77186.0	0.0	0.0
2	77187.0	0.0	0.0
2	77188.0	0.0	0.0
2	77189.0	0.0	0.0
2	77190.0	0.0	0.0
2	77191.0	0.0	0.0
2	77192.0	0.0	0.0
2	77193.0	0.0	0.0
2	77194.0	0.0	0.0
2	77195.0	0.0	0.0
2	77196.0	0.0	0.0
2	77197.0	0.0	0.0
2	77198.0	0.0	0.0
2	78168.0	0.0	0.0
2	78169.0	0.0	0.0
2	78170.0	0.0	0.0
2	78171.0	0.0	0.0
2	78172.0	0.0	0.0
2	78173.0	0.0	0.0
2	78174.0	0.0	0.0
2	78175.0	0.0	0.0
2	78176.0	0.0	0.0
2	78177.0	0.0	0.0
2	78178.0	0.0	0.0
2	78179.0	0.0	0.0
2	78180.0	0.0	0.0
2	78181.0	0.0	0.0
2	78182.0	0.0	0.0
2	78183.0	0.0	0.0
2	78184.0	0.0	0.0
2	78185.0	0.0	0.0
2	78186.0	0.0	0.0
2	78187.0	0.0	0.0
2	78188.0	0.0	0.0
2	78189.0	0.0	0.0
2	78190.0	0.0	0.0
2	78191.0	0.0	0.0
2	78192.0	0.0	0.0
2	78193.0	0.0	0.0
2	78194.0	0.0	0.0
2	78195.0	0.0	0.0
2	78196.0	0.0	0.0
2	78197.0	0.0	0.0
2	78198.0	0.0	0.0
2	78199.0	0.0	0.0
2	78200.0	0.0	0.0
2	78201.0	0.0	0.0
2	79175.0	0.0	0.0
2	79176.0	0.0	0.0
2	79177.0	0.0	0.0
2	79178.0	0.0	0.0
2	79179.0	0.0	0.0
2	79180.0	0.0	0.0
2	79181.0	0.0	0.0
2	79182.0	0.0	0.0
2	79183.0	0.0	0.0
2	79184.0	0.0	0.0
2	79185.0	0.0	0.0
2	79186.0	0.0	0.0
2	79187.0	0.0	0.0
2	79188.0	0.0	0.0
2	79189.0	0.0	0.0
2	79190.0	0.0	0.0
2	79191.0	0.0	0.0
2	79192.0	0.0	0.0
2	79193.0	0.0	0.0
2	79194.0	0.0	0.0
2	79195.0	0.0	0.0
2	79196.0	0.0	0.0
2	79197.0	2.526e-05	0.0199
2	79198.0	8e-08	0.3536
2	79199.0	0.0	0.0
2	79200.0	0.0	0.0
2	79201.0	0.0	0.0
2	79202.0	0.0	0.0
2	79203.0	0.0	0.0
2	79204.0	0.0	0.0
2	80177.0	0.0	0.0
2	80178.0	0.0	0.0
2	80179.0	0.0	0.0
2	80180.0	0.0	0.0
2	80181.0	0.0	0.0
2	80182.0	0.0	0.0
2	80183.0	0.0	0.0
2	80184.0	0.0	0.0
2	80185.0	0.0	0.0
2	80186.0	0.0	0.0
2	80187.0	0.0	0.0
2	80188.0	0.0	0.0
2	80189.0	0.0	0.0
2	80190.0	0.0	0.0
2	80191.0	0.0	0.0
2	80192.0	0.0	0.0
2	80193.0	0.0	0.0
2	80194.0	0.0	0.0
2	80195.0	0.0	0.0
2	80196.0	8.161e-05	0.0111
2	80197.0	6.91e-06	0.038
2	80198.0	0.0	0.0
2	80199.0	0.0	0.0
2	80200.0	0.0	0.0
2	80201.0	0.0	0.0
2	80202.0	0.0	0.0
2	80203.0	0.0	0.0
2	80204.0	0.0	0.0
2	80205.0	0.0	0.0
2	80206.0	0.0	0.0
2	total	0.00011386	0.0094
3	1001.0	0.0	0.0
3	1002.0	0.0	0.0
3	1003.0	0.0	0.0
3	2003.0	0.0	0.0
3	2004.0	0.0	0.0
3	2005.0	0.0	0.0
3	2006.0	0.0	0.0
3	2007.0	0.0	0.0
3	2008.0	0.0	0.0
3	3005.0	0.0	0.0
3	3006.0	0.0	0.0
3	3007.0	0.0	0.0
3	3008.0	0.0	0.0
3	3009.0	0.0	0.0
3	3010.0	0.0	0.0
3	3011.0	0.0	0.0
3	4006.0	0.0	0.0
3	4007.0	0.0	0.0
3	4008.0	0.0	0.0
3	4009.0	0.0	0.0
3	4010.0	0.0	0.0
3	4011.0	0.0	0.0
3	4012.0	0.0	0.0
3	4013.0	0.0	0.0
3	4014.0	0.0	0.0
3	5008.0	0.0	0.0
3	5009.0	0.0	0.0
3	5010.0	0.0	0.0
3	5011.0	0.0	0.0
3	5012.0	0.0	0.0
3	5013.0	0.0	0.0
3	5014.0	0.0	0.0
3	5015.0	0.0	0.0
3	5016.0	0.0	0.0
3	5017.0	0.0	0.0
3	6008.0	0.0	0.0
3	6009.0	0.0	0.0
3	6010.0	0.0	0.0
3	6011.0	0.0	0.0
3	6012.0	0.0	0.0
3	6013.0	0.0	0.0
3	6014.0	0.0	0.0
3	6015.0	0.0	0.0
3	6016.0	0.0	0.0
3	6017.0	0.0	0.0
3	6018.0	0.0	0.0
3	6019.0	0.0	0.0
3	6020.0	0.0	0.0
3	7011.0	0.0	0.0
3	7012.0	0.0	0.0
3	7013.0	0.0	0.0
3	7014.0	0.0	0.0
3	7015.0	0.0	0.0
3	7016.0	0.0	0.0
3	7017.0	0.0	0.0
3	7018.0	0.0	0.0
3	7019.0	0.0	0.0
3	7020.0	0.0	0.0
3	7021.0	0.0	0.0
3	7022.0	0.0	0.0
3	7023.0	0.0	0.0
3	8013.0	0.0	0.0
3	8014.0	0.0	0.0
3	8015.0	0.0	0.0
3	8016.0	0.0	0.0
3	8017.0	0.0	0.0
3	8018.0	0.0	0.0
3	8019.0	0.0	0.0
3	8020.0	0.0	0.0
3	8021.0	0.0	0.0
3	8022.0	0.0	0.0
3	8023.0	0.0	0.0
3	8024.0	0.0	0.0
3	9015.0	0.0	0.0
3	9016.0	0.0	0.0
3	9017.0	0.0	0.0
3	9018.0	0.0	0.0
3	9019.0	0.0	0.0
3	9020.0	0.0	0.0
3	9021.0	0.0	0.0
3	9022.0	0.0	0.0
3	9023.0	0.0	0.0
3	9024.0	0.0	0.0
3	9025.0	0.0	0.0
3	9026.0	0.0	0.0
3	9027.0	0.0	0.0
3	10017.0	0.0	0.0
3	10018.0	0.0	0.0
3	10019.0	0.0	0.0
3	10020.0	0.0	0.0
3	10021.0	0.0	0.0
3	10022.0	0.0	0.0
3	10023.0	0.0	0.0
3	10024.0	0.0	0.0
3	10025.0	0.0	0.0
3	10026.0	0.0	0.0
3	10027.0	0.0	0.0
3	10028.0	0.0	0.0
3	11019.0	0.0	0.0
3	11020.0	0.0	0.0
3	11021.0	0.0	0.0
3	11022.0	0.0	0.0
3	11023.0	0.0	0.0
3	11024.0	0.0	0.0
3	11025.0	0.0	0.0
3	11026.0	0.0	0.0
3	11027.0	0.0	0.0
3	11028.0	0.0	0.0
3	11029.0	0.0	0.0
3	11030.0	0.0	0.0
3	11031.0	0.0	0.0
3	11032.0	0.0	0.0
3	11033.0	0.0	0.0
3	11034.0	0.0	0.0
3	11035.0	0.0	0.0
3	12020.0	0.0	0.0
3	12021.0	0.0	0.0
3	12022.0	0.0	0.0
3	12023.0	0.0	0.0
3	12024.0	0.0	0.0
3	12025.0	0.0	0.0
3	12026.0	0.0	0.0
3	12027.0	0.0	0.0
3	12028.0	0.0	0.0
3	12029.0	0.0	0.0
3	12030.0	0.0	0.0
3	12031.0	0.0	0.0
3	12032.0	0.0	0.0
3	12033.0	0.0	0.0
3	12034.0	0.0	0.0
3	13022.0	0.0	0.0
3	13023.0	0.0	0.0
3	13024.0	0.0	0.0
3	13025.0	0.0	0.0
3	13026.0	0.0	0.0
3	13027.0	0.0	0.0
3	13028.0	0.0	0.0
3	13029.0	0.0	0.0
3	13030.0	0.0	0.0
3	13031.0	0.0	0.0
3	13032.0	0.0	0.0
3	13033.0	0.0	0.0
3	13034.0	0.0	0.0
3	13035.0	0.0	0.0
3	14024.0	0.0	0.0
3	14025.0	0.0	0.0
3	14026.0	0.0	0.0
3	14027.0	0.0	0.0
3	14028.0	0.0	0.0
3	14029.0	0.0	0.0
3	14030.0	0.0	0.0
3	14031.0	0.0	0.0
3	14032.0	0.0	0.0
3	14033.0	0.0	0.0
3	14034.0	0.0	0.0
3	14035.0	0.0	0.0
3	14036.0	0.0	0.0
3	14037.0	0.0	0.0
3	14038.0	0.0	0.0
3	14039.0	0.0	0.0
3	15026.0	0.0	0.0
3	15027.0	0.0	0.0
3	15028.0	0.0	0.0
3	15029.0	0.0	0.0
3	15030.0	0.0	0.0
3	15031.0	0.0	0.0
3	15032.0	0.0	0.0
3	15033.0	0.0	0.0
3	15034.0	0.0	0.0
3	15035.0	0.0	0.0
3	15036.0	0.0	0.0
3	15037.0	0.0	0.0
3	15038.0	0.0	0.0
3	15039.0	0.0	0.0
3	15040.0	0.0	0.0
3	15041.0	0.0	0.0
3	15042.0	0.0	0.0
3	16029.0	0.0	0.0
3	16030.0	0.0	0.0
3	16031.0	0.0	0.0
3	16032.0	0.0	0.0
3	16033.0	0.0	0.0
3	16034.0	0.0	0.0
3	16035.0	0.0	0.0
3	16036.0	0.0	0.0
3	16037.0	0.0	0.0
3	16038.0	0.0	0.0
3	16039.0	0.0	0.0
3	16040.0	0.0	0.0
3	16041.0	0.0	0.0
3	16042.0	0.0	0.0
3	16043.0	0.0	0.0
3	16044.0	0.0	0.0
3	17031.0	0.0	0.0
3	17032.0	0.0	0.0
3	17033.0	0.0	0.0
3	17034.0	0.0	0.0
3	17035.0	0.0	0.0
3	17036.0	0.0	0.0
3	17037.0	0.0	0.0
3	17038.0	0.0	0.0
3	17039.0	0.0	0.0
3	17040.0	0.0	0.0
3	17041.0	0.0	0.0
3	17042.0	0.0	0.0
3	17043.0	0.0	0.0
3	17044.0	0.0	0.0
3	17045.0	0.0	0.0
3	18032.0	0.0	0.0
3	18033.0	0.0	0.0
3	18034.0	0.0	0.0
3	18035.0	0.0	0.0
3	18036.0	0.0	0.0
3	18037.0	0.0	0.0
3	18038.0	0.0	0.0
3	18039.0	0.0	0.0
3	18040.0	0.0	0.0
3	18041.0	0.0	0.0
3	18042.0	0.0	0.0
3	18043.0	0.0	0.0
3	18044.0	0.0	0.0
3	18045.0	0.0	0.0
3	18046.0	0.0	0.0
3	19035.0	0.0	0.0
3	19036.0	0.0	0.0
3	19037.0	0.0	0.0
3	19038.0	0.0	0.0
3	19039.0	0.0	0.0
3	19040.0	0.0	0.0
3	19041.0	0.0	0.0
3	19042.0	0.0	0.0
3	19043.0	0.0	0.0
3	19044.0	0.0	0.0
3	19045.0	0.0	0.0
3	19046.0	0.0	0.0
3	19047.0	0.0	0.0
3	19048.0	0.0	0.0
3	19049.0	0.0	0.0
3	19050.0	0.0	0.0
3	19051.0	0.0	0.0
3	20036.0	0.0	0.0
3	20037.0	0.0	0.0
3	20038.0	0.0	0.0
3	20039.0	0.0	0.0
3	20040.0	0.0	0.0
3	20041.0	0.0	0.0
3	20042.0	0.0	0.0
3	20043.0	0.0	0.0
3	20044.0	0.0	0.0
3	20045.0	0.0	0.0
3	20046.0	0.0	0.0
3	20047.0	0.0	0.0
3	20048.0	0.0	0.0
3	20049.0	0.0	0.0
3	20050.0	0.0	0.0
3	20051.0	0.0	0.0
3	21040.0	0.0	0.0
3	21041.0	0.0	0.0
3	21042.0	0.0	0.0
3	21043.0	0.0	0.0
3	21044.0	0.0	0.0
3	21045.0	0.0	0.0
3	21046.0	0.0	0.0
3	21047.0	0.0	0.0
3	21048.0	0.0	0.0
3	21049.0	0.0	0.0
3	21050.0	0.0	0.0
3	21051.0	0.0	0.0
3	22041.0	0.0	0.0
3	22042.0	0.0	0.0
3	22043.0	0.0	0.0
3	22044.0	0.0	0.0
3	22045.0	0.0	0.0
3	22046.0	0.0	0.0
3	22047.0	0.0	0.0
3	22048.0	0.0	0.0
3	22049.0	0.0	0.0
3	22050.0	0.0	0.0
3	22051.0	0.0	0.0
3	22052.0	0.0	0.0
3	22053.0	0.0	0.0
3	22054.0	0.0	0.0
3	23044.0	0.0	0.0
3	23045.0	0.0	0.0
3	23046.0	0.0	0.0
3	23047.0	0.0	0.0
3	23048.0	0.0	0.0
3	23049.0	0.0	0.0
3	23050.0	0.0	0.0
3	23051.0	0.0	0.0
3	23052.0	0.0	0.0
3	23053.0	0.0	0.0
3	23054.0	0.0	0.0
3	23055.0	0.0	0.0
3	23056.0	0.0	0.0
3	24045.0	0.0	0.0
3	24046.0	0.0	0.0
3	24047.0	0.0	0.0
3	24048.0	0.0	0.0
3	24049.0	0.0	0.0
3	24050.0	0.0	0.0
3	24051.0	0.0	0.0
3	24052.0	0.0	0.0
3	24053.0	0.0	0.0
3	24054.0	0.0	0.0
3	24055.0	0.0	0.0
3	24056.0	0.0	0.0
3	24057.0	0.0	0.0
3	24058.0	0.0	0.0
3	24059.0	0.0	0.0
3	25049.0	0.0	0.0
3	25050.0	0.0	0.0
3	25051.0	0.0	0.0
3	25052.0	0.0	0.0
3	25053.0	0.0	0.0
3	25054.0	0.0	0.0
3	25055.0	0.0	0.0
3	25056.0	0.0	0.0
3	25057.0	0.0	0.0
3	25058.0	0.0	0.0
3	25059.0	0.0	0.0
3	25060.0	0.0	0.0
3	25061.0	0.0	0.0
3	25062.0	0.0	0.0
3	26049.0	0.0	0.0
3	26050.0	0.0	0.0
3	26051.0	0.0	0.0
3	26052.0	0.0	0.0
3	26053.0	0.0	0.0
3	26054.0	0.0	0.0
3	26055.0	0.0	0.0
3	26056.0	0.0	0.0
3	26057.0	0.0	0.0
3	26058.0	0.0	0.0
3	26059.0	0.0	0.0
3	26060.0	0.0	0.0
3	26061.0	0.0	0.0
3	26062.0	0.0	0.0
3	26063.0	0.0	0.0
3	26064.0	0.0	0.0
3	27053.0	0.0	0.0
3	27054.0	0.0	0.0
3	27055.0	0.0	0.0
3	27056.0	0.0	0.0
3	27057.0	0.0	0.0
3	27058.0	0.0	0.0
3	27059.0	1e-08	1.0
3	27060.0	6e-08	0.4082
3	27061.0	0.0	0.0
3	27062.0	1e-08	1.0
3	27063.0	0.0	0.0
3	27064.0	0.0	0.0
3	28053.0	0.0	0.0
3	28054.0	0.0	0.0
3	28055.0	0.0	0.0
3	28056.0	0.0	0.0
3	28057.0	0.0	0.0
3	28058.0	0.0	0.0
3	28059.0	0.0	0.0
3	28060.0	0.00012163	0.0091
3	28061.0	0.0	0.0
3	28062.0	1.551e-05	0.0254
3	28063.0	2.21e-06	0.0673
3	28064.0	1e-08	1.0
3	28065.0	3e-08	0.5774
3	28066.0	0.0	0.0
3	28067.0	0.0	0.0
3	28068.0	0.0	0.0
3	29057.0	0.0	0.0
3	29058.0	0.0	0.0
3	29059.0	0.0	0.0
3	29060.0	0.0	0.0
3	29061.0	0.0	0.0
3	29062.0	3e-08	0.5774
3	29063.0	0.0017611	0.0024
3	29064.0	1.53e-06	0.0808
3	29065.0	0.00051915	0.0044
3	29066.0	3.7e-07	0.1644
3	29067.0	0.0	0.0
3	29068.0	0.0	0.0
3	29069.0	0.0	0.0
3	29070.0	0.0	0.0
3	29071.0	0.0	0.0
3	29072.0	0.0	0.0
3	29073.0	0.0	0.0
3	30057.0	0.0	0.0
3	30058.0	0.0	0.0
3	30059.0	0.0	0.0
3	30060.0	0.0	0.0
3	30061.0	0.0	0.0
3	30062.0	0.0	0.0
3	30063.0	0.00075038	0.0036
3	30064.0	0.00024036	0.0064
3	30065.0	0.00073497	0.0037
3	30066.0	3.14e-05	0.0178
3	30067.0	0.0	0.0
3	30068.0	0.0	0.0
3	30069.0	0.0	0.0
3	30070.0	0.0	0.0
3	30071.0	0.0	0.0
3	30072.0	0.0	0.0
3	30073.0	0.0	0.0
3	30074.0	0.0	0.0
3	30075.0	0.0	0.0
3	30076.0	0.0	0.0
3	30077.0	0.0	0.0
3	30078.0	0.0	0.0
3	31062.0	0.0	0.0
3	31063.0	0.0	0.0
3	31064.0	0.0	0.0
3	31065.0	0.0	0.0
3	31066.0	0.0	0.0
3	31067.0	0.0	0.0
3	31068.0	0.0	0.0
3	31069.0	0.0	0.0
3	31070.0	0.0	0.0
3	31071.0	0.0	0.0
3	31072.0	0.0	0.0
3	31073.0	0.0	0.0
3	31074.0	0.0	0.0
3	31075.0	0.0	0.0
3	31076.0	0.0	0.0
3	31077.0	0.0	0.0
3	31078.0	0.0	0.0
3	31079.0	0.0	0.0
3	31080.0	0.0	0.0
3	31081.0	0.0	0.0
3	31082.0	0.0	0.0
3	31083.0	0.0	0.0
3	32061.0	0.0	0.0
3	32062.0	0.0	0.0
3	32063.0	0.0	0.0
3	32064.0	0.0	0.0
3	32065.0	0.0	0.0
3	32066.0	0.0	0.0
3	32067.0	0.0	0.0
3	32068.0	0.0	0.0
3	32069.0	0.0	0.0
3	32070.0	0.0	0.0
3	32071.0	0.0	0.0
3	32072.0	0.0	0.0
3	32073.0	0.0	0.0
3	32074.0	0.0	0.0
3	32075.0	0.0	0.0
3	32076.0	0.0	0.0
3	32077.0	0.0	0.0
3	32078.0	0.0	0.0
3	32079.0	0.0	0.0
3	32080.0	0.0	0.0
3	32081.0	0.0	0.0
3	32082.0	0.0	0.0
3	32083.0	0.0	0.0
3	32084.0	0.0	0.0
3	33066.0	0.0	0.0
3	33067.0	0.0	0.0
3	33068.0	0.0	0.0
3	33069.0	0.0	0.0
3	33070.0	0.0	0.0
3	33071.0	0.0	0.0
3	33072.0	0.0	0.0
3	33073.0	0.0	0.0
3	33074.0	0.0	0.0
3	33075.0	0.0	0.0
3	33076.0	0.0	0.0
3	33077.0	0.0	0.0
3	33078.0	0.0	0.0
3	33079.0	0.0	0.0
3	33080.0	0.0	0.0
3	33081.0	0.0	0.0
3	33082.0	0.0	0.0
3	33083.0	0.0	0.0
3	33084.0	0.0	0.0
3	33085.0	0.0	0.0
3	33086.0	0.0	0.0
3	33087.0	0.0	0.0
3	34068.0	0.0	0.0
3	34069.0	0.0	0.0
3	34070.0	0.0	0.0
3	34071.0	0.0	0.0
3	34072.0	0.0	0.0
3	34073.0	0.0	0.0
3	34074.0	0.0	0.0
3	34075.0	0.0	0.0
3	34076.0	0.0	0.0
3	34077.0	0.0	0.0
3	34078.0	0.0	0.0
3	34079.0	0.0	0.0
3	34080.0	0.0	0.0
3	34081.0	0.0	0.0
3	34082.0	0.0	0.0
3	34083.0	0.0	0.0
3	34084.0	0.0	0.0
3	34085.0	0.0	0.0
3	34086.0	0.0	0.0
3	34087.0	0.0	0.0
3	34088.0	0.0	0.0
3	34089.0	0.0	0.0
3	34090.0	0.0	0.0
3	34091.0	0.0	0.0
3	35070.0	0.0	0.0
3	35071.0	0.0	0.0
3	35072.0	0.0	0.0
3	35073.0	0.0	0.0
3	35074.0	0.0	0.0
3	35075.0	0.0	0.0
3	35076.0	0.0	0.0
3	35077.0	0.0	0.0
3	35078.0	0.0	0.0
3	35079.0	0.0	0.0
3	35080.0	0.0	0.0
3	35081.0	0.0	0.0
3	35082.0	0.0	0.0
3	35083.0	0.0	0.0
3	35084.0	0.0	0.0
3	35085.0	0.0	0.0
3	35086.0	0.0	0.0
3	35087.0	0.0	0.0
3	35088.0	0.0	0.0
3	35089.0	0.0	0.0
3	35090.0	0.0	0.0
3	35091.0	0.0	0.0
3	35092.0	0.0	0.0
3	36071.0	0.0	0.0
3	36072.0	0.0	0.0
3	36073.0	0.0	0.0
3	36074.0	0.0	0.0
3	36075.0	0.0	0.0
3	36076.0	0.0	0.0
3	36077.0	0.0	0.0
3	36078.0	0.0	0.0
3	36079.0	0.0	0.0
3	36080.0	0.0	0.0
3	36081.0	0.0	0.0
3	36082.0	0.0	0.0
3	36083.0	0.0	0.0
3	36084.0	0.0	0.0
3	36085.0	0.0	0.0
3	36086.0	0.0	0.0
3	36087.0	0.0	0.0
3	36088.0	0.0	0.0
3	36089.0	0.0	0.0
3	36090.0	0.0	0.0
3	36091.0	0.0	0.0
3	36092.0	0.0	0.0
3	36093.0	0.0	0.0
3	36094.0	0.0	0.0
3	36095.0	0.0	0.0
3	36096.0	0.0	0.0
3	36097.0	0.0	0.0
3	37074.0	0.0	0.0
3	37075.0	0.0	0.0
3	37076.0	0.0	0.0
3	37077.0	0.0	0.0
3	37078.0	0.0	0.0
3	37079.0	0.0	0.0
3	37080.0	0.0	0.0
3	37081.0	0.0	0.0
3	37082.0	0.0	0.0
3	37083.0	0.0	0.0
3	37084.0	0.0	0.0
3	37085.0	0.0	0.0
3	37086.0	0.0	0.0
3	37087.0	0.0	0.0
3	37088.0	0.0	0.0
3	37089.0	0.0	0.0
3	37090.0	0.0	0.0
3	37091.0	0.0	0.0
3	37092.0	0.0	0.0
3	37093.0	0.0	0.0
3	37094.0	0.0	0.0
3	37095.0	0.0	0.0
3	37096.0	0.0	0.0
3	37097.0	0.0	0.0
3	37098.0	0.0	0.0
3	37099.0	0.0	0.0
3	37100.0	0.0	0.0
3	38077.0	0.0	0.0
3	38078.0	0.0	0.0
3	38079.0	0.0	0.0
3	38080.0	0.0	0.0
3	38081.0	0.0	0.0
3	38082.0	0.0	0.0
3	38083.0	0.0	0.0
3	38084.0	0.0	0.0
3	38085.0	0.0	0.0
3	38086.0	0.0	0.0
3	38087.0	0.0	0.0
3	38088.0	0.0	0.0
3	38089.0	0.0	0.0
3	38090.0	0.0	0.0
3	38091.0	0.0	0.0
3	38092.0	0.0	0.0
3	38093.0	0.0	0.0
3	38094.0	0.0	0.0
3	38095.0	0.0	0.0
3	38096.0	0.0	0.0
3	38097.0	0.0	0.0
3	38098.0	0.0	0.0
3	38099.0	0.0	0.0
3	38100.0	0.0	0.0
3	39080.0	0.0	0.0
3	39081.0	0.0	0.0
3	39082.0	0.0	0.0
3	39083.0	0.0	0.0
3	39084.0	0.0	0.0
3	39085.0	0.0	0.0
3	39086.0	0.0	0.0
3	39087.0	0.0	0.0
3	39088.0	0.0	0.0
3	39089.0	0.0	0.0
3	39090.0	0.0	0.0
3	39091.0	0.0	0.0
3	39092.0	0.0	0.0
3	39093.0	0.0	0.0
3	39094.0	0.0	0.0
3	39095.0	0.0	0.0
3	39096.0	0.0	0.0
3	39097.0	0.0	0.0
3	39098.0	0.0	0.0
3	39099.0	0.0	0.0
3	39100.0	0.0	0.0
3	39101.0	0.0	0.0
3	39102.0	0.0	0.0
3	40081.0	0.0	0.0
3	40082.0	0.0	0.0
3	40083.0	0.0	0.0
3	40084.0	0.0	0.0
3	40085.0	0.0	0.0
3	40086.0	0.0	0.0
3	40087.0	0.0	0.0
3	40088.0	0.0	0.0
3	40089.0	0.0	0.0
3	40090.0	0.0	0.0
3	40091.0	0.0	0.0
3	40092.0	0.0	0.0
3	40093.0	0.0	0.0
3	40094.0	0.0	0.0
3	40095.0	0.0	0.0
3	40096.0	0.0	0.0
3	40097.0	0.0	0.0
3	40098.0	0.0	0.0
3	40099.0	0.0	0.0
3	40100.0	0.0	0.0
3	40101.0	0.0	0.0
3	40102.0	0.0	0.0
3	41084.0	0.0	0.0
3	41085.0	0.0	0.0
3	41086.0	0.0	0.0
3	41087.0	0.0	0.0
3	41088.0	0.0	0.0
3	41089.0	0.0	0.0
3	41090.0	0.0	0.0
3	41091.0	0.0	0.0
3	41092.0	0.0	0.0
3	41093.0	0.0	0.0
3	41094.0	0.0	0.0
3	41095.0	0.0	0.0
3	41096.0	0.0	0.0
3	41097.0	0.0	0.0
3	41098.0	0.0	0.0
3	41099.0	0.0	0.0
3	41100.0	0.0	0.0
3	41101.0	0.0	0.0
3	41102.0	0.0	0.0
3	41103.0	0.0	0.0
3	41104.0	0.0	0.0
3	41105.0	0.0	0.0
3	41106.0	0.0	0.0
3	42087.0	0.0	0.0
3	42088.0	0.0	0.0
3	42089.0	0.0	0.0
3	42090.0	0.0	0.0
3	42091.0	0.0	0.0
3	42092.0	0.0	0.0
3	42093.0	0.0	0.0
3	42094.0	0.0	0.0
3	42095.0	0.0	0.0
3	42096.0	0.0	0.0
3	42097.0	0.0	0.0
3	42098.0	0.0	0.0
3	42099.0	0.0	0.0
3	42100.0	0.0	0.0
3	42101.0	0.0	0.0
3	42102.0	0.0	0.0
3	42103.0	0.0	0.0
3	42104.0	0.0	0.0
3	42105.0	0.0	0.0
3	42106.0	0.0	0.0
3	42107.0	0.0	0.0
3	42108.0	0.0	0.0
3	43090.0	0.0	0.0
3	43091.0	0.0	0.0
3	43092.0	0.0	0.0
3	43093.0	0.0	0.0
3	43094.0	0.0	0.0
3	43095.0	0.0	0.0
3	43096.0	0.0	0.0
3	43097.0	0.0	0.0
3	43098.0	0.0	0.0
3	43099.0	0.0	0.0
3	43100.0	0.0	0.0
3	43101.0	0.0	0.0
3	43102.0	0.0	0.0
3	43103.0	0.0	0.0
3	43104.0	0.0	0.0
3	43105.0	0.0	0.0
3	43106.0	0.0	0.0
3	43107.0	0.0	0.0
3	43108.0	0.0	0.0
3	43109.0	0.0	0.0
3	43110.0	0.0	0.0
3	44092.0	0.0	0.0
3	44093.0	0.0	0.0
3	44094.0	0.0	0.0
3	44095.0	0.0	0.0
3	44096.0	0.0	0.0
3	44097.0	0.0	0.0
3	44098.0	0.0	0.0
3	44099.0	0.0	0.0
3	44100.0	0.0	0.0
3	44101.0	0.0	0.0
3	44102.0	0.0	0.0
3	44103.0	0.0	0.0
3	44104.0	0.0	0.0
3	44105.0	0.0	0.0
3	44106.0	0.0	0.0
3	44107.0	0.0	0.0
3	44108.0	0.0	0.0
3	44109.0	0.0	0.0
3	44110.0	0.0	0.0
3	44111.0	0.0	0.0
3	44112.0	0.0	0.0
3	44113.0	0.0	0.0
3	45094.0	0.0	0.0
3	45095.0	0.0	0.0
3	45096.0	0.0	0.0
3	45097.0	0.0	0.0
3	45098.0	0.0	0.0
3	45099.0	0.0	0.0
3	45100.0	0.0	0.0
3	45101.0	0.0	0.0
3	45102.0	0.0	0.0
3	45103.0	0.0	0.0
3	45104.0	0.0	0.0
3	45105.0	0.0	0.0
3	45106.0	0.0	0.0
3	45107.0	0.0	0.0
3	45108.0	0.0	0.0
3	45109.0	0.0	0.0
3	45110.0	0.0	0.0
3	45111.0	0.0	0.0
3	45112.0	0.0	0.0
3	45113.0	0.0	0.0
3	45114.0	0.0	0.0
3	46096.0	0.0	0.0
3	46097.0	0.0	0.0
3	46098.0	0.0	0.0
3	46099.0	0.0	0.0
3	46100.0	0.0	0.0
3	46101.0	0.0	0.0
3	46102.0	0.0	0.0
3	46103.0	0.0	0.0
3	46104.0	0.0	0.0
3	46105.0	0.0	0.0
3	46106.0	0.0	0.0
3	46107.0	0.0	0.0
3	46108.0	0.0	0.0
3	46109.0	0.0	0.0
3	46110.0	0.0	0.0
3	46111.0	0.0	0.0
3	46112.0	0.0	0.0
3	46113.0	0.0	0.0
3	46114.0	0.0	0.0
3	46115.0	0.0	0.0
3	46116.0	0.0	0.0
3	46117.0	0.0	0.0
3	46118.0	0.0	0.0
3	47096.0	0.0	0.0
3	47097.0	0.0	0.0
3	47098.0	0.0	0.0
3	47099.0	0.0	0.0
3	47100.0	0.0	0.0
3	47101.0	0.0	0.0
3	47102.0	0.0	0.0
3	47103.0	0.0	0.0
3	47104.0	0.0	0.0
3	47105.0	0.0	0.0
3	47106.0	0.0	0.0
3	47107.0	0.0	0.0
3	47108.0	0.0	0.0
3	47109.0	0.0	0.0
3	47110.0	0.0	0.0
3	47111.0	0.0	0.0
3	47112.0	0.0	0.0
3	47113.0	0.0	0.0
3	47114.0	0.0	0.0
3	47115.0	0.0	0.0
3	47116.0	0.0	0.0
3	47117.0	0.0	0.0
3	47118.0	0.0	0.0
3	47119.0	0.0	0.0
3	47120.0	0.0	0.0
3	47121.0	0.0	0.0
3	47122.0	0.0	0.0
3	47123.0	0.0	0.0
3	48097.0	0.0	0.0
3	48098.0	0.0	0.0
3	48099.0	0.0	0.0
3	48100.0	0.0	0.0
3	48101.0	0.0	0.0
3	48102.0	0.0	0.0
3	48103.0	0.0	0.0
3	48104.0	0.0	0.0
3	48105.0	0.0	0.0
3	48106.0	0.0	0.0
3	48107.0	0.0	0.0
3	48108.0	0.0	0.0
3	48109.0	0.0	0.0
3	48110.0	0.0	0.0
3	48111.0	0.0	0.0
3	48112.0	0.0	0.0
3	48113.0	0.0	0.0
3	48114.0	0.0	0.0
3	48115.0	0.0	0.0
3	48116.0	0.0	0.0
3	48117.0	0.0	0.0
3	48118.0	0.0	0.0
3	48119.0	0.0	0.0
3	48120.0	0.0	0.0
3	48121.0	0.0	0.0
3	48122.0	0.0	0.0
3	48123.0	0.0	0.0
3	48124.0	0.0	0.0
3	48125.0	0.0	0.0
3	48126.0	0.0	0.0
3	49100.0	0.0	0.0
3	49101.0	0.0	0.0
3	49102.0	0.0	0.0
3	49103.0	0.0	0.0
3	49104.0	0.0	0.0
3	49105.0	0.0	0.0
3	49106.0	0.0	0.0
3	49107.0	0.0	0.0
3	49108.0	0.0	0.0
3	49109.0	0.0	0.0
3	49110.0	0.0	0.0
3	49111.0	0.0	0.0
3	49112.0	0.0	0.0
3	49113.0	0.0	0.0
3	49114.0	0.0	0.0
3	49115.0	0.0	0.0
3	49116.0	0.0	0.0
3	49117.0	0.0	0.0
3	49118.0	0.0	0.0
3	49119.0	0.0	0.0
3	49120.0	0.0	0.0
3	49121.0	0.0	0.0
3	49122.0	0.0	0.0
3	49123.0	0.0	0.0
3	49124.0	0.0	0.0
3	49125.0	0.0	0.0
3	49126.0	0.0	0.0
3	49127.0	0.0	0.0
3	49128.0	0.0	0.0
3	49129.0	0.0	0.0
3	49130.0	0.0	0.0
3	49131.0	0.0	0.0
3	49132.0	0.0	0.0
3	50103.0	0.0	0.0
3	50104.0	0.0	0.0
3	50105.0	0.0	0.0
3	50106.0	0.0	0.0
3	50107.0	0.0	0.0
3	50108.0	0.0	0.0
3	50109.0	0.0	0.0
3	50110.0	0.0	0.0
3	50111.0	0.0	0.0
3	50112.0	0.0	0.0
3	50113.0	0.0	0.0
3	50114.0	0.0	0.0
3	50115.0	0.0	0.0
3	50116.0	0.0	0.0
3	50117.0	0.0	0.0
3	50118.0	0.0	0.0
3	50119.0	0.0	0.0
3	50120.0	0.0	0.0
3	50121.0	0.0	0.0
3	50122.0	0.0	0.0
3	50123.0	0.0	0.0
3	50124.0	0.0	0.0
3	50125.0	0.0	0.0
3	50126.0	0.0	0.0
3	50127.0	0.0	0.0
3	50128.0	0.0	0.0
3	50129.0	0.0	0.0
3	50130.0	0.0	0.0
3	50131.0	0.0	0.0
3	50132.0	0.0	0.0
3	50133.0	0.0	0.0
3	50134.0	0.0	0.0
3	51108.0	0.0	0.0
3	51109.0	0.0	0.0
3	51110.0	0.0	0.0
3	51111.0	0.0	0.0
3	51112.0	0.0	0.0
3	51113.0	0.0	0.0
3	51114.0	0.0	0.0
3	51115.0	0.0	0.0
3	51116.0	0.0	0.0
3	51117.0	0.0	0.0
3	51118.0	0.0	0.0
3	51119.0	0.0	0.0
3	51120.0	0.0	0.0
3	51121.0	0.0	0.0
3	51122.0	0.0	0.0
3	51123.0	0.0	0.0
3	51124.0	0.0	0.0
3	51125.0	0.0	0.0
3	51126.0	0.0	0.0
3	51127.0	0.0	0.0
3	51128.0	0.0	0.0
3	51129.0	0.0	0.0
3	51130.0	0.0	0.0
3	51131.0	0.0	0.0
3	51132.0	0.0	0.0
3	51133.0	0.0	0.0
3	51134.0	0.0	0.0
3	51135.0	0.0	0.0
3	51136.0	0.0	0.0
3	52106.0	0.0	0.0
3	52107.0	0.0	0.0
3	52108.0	0.0	0.0
3	52109.0	0.0	0.0
3	52110.0	0.0	0.0
3	52111.0	0.0	0.0
3	52112.0	0.0	0.0
3	52113.0	0.0	0.0
3	52114.0	0.0	0.0
3	52115.0	0.0	0.0
3	52116.0	0.0	0.0
3	52117.0	0.0	0.0
3	52118.0	0.0	0.0
3	52119.0	0.0	0.0
3	52120.0	0.0	0.0
3	52121.0	0.0	0.0
3	52122.0	0.0	0.0
3	52123.0	0.0	0.0
3	52124.0	0.0	0.0
3	52125.0	0.0	0.0
3	52126.0	0.0	0.0
3	52127.0	0.0	0.0
3	52128.0	0.0	0.0
3	52129.0	0.0	0.0
3	52130.0	0.0	0.0
3	52131.0	0.0	0.0
3	52132.0	0.0	0.0
3	52133.0	0.0	0.0
3	52134.0	0.0	0.0
3	52135.0	0.0	0.0
3	52136.0	0.0	0.0
3	52137.0	0.0	0.0
3	52138.0	0.0	0.0
3	53110.0	0.0	0.0
3	53111.0	0.0	0.0
3	53112.0	0.0	0.0
3	53113.0	0.0	0.0
3	53114.0	0.0	0.0
3	53115.0	0.0	0.0
3	53116.0	0.0	0.0
3	53117.0	0.0	0.0
3	53118.0	0.0	0.0
3	53119.0	0.0	0.0
3	53120.0	0.0	0.0
3	53121.0	0.0	0.0
3	53122.0	0.0	0.0
3	53123.0	0.0	0.0
3	53124.0	0.0	0.0
3	53125.0	0.0	0.0
3	53126.0	0.0	0.0
3	53127.0	0.0	0.0
3	53128.0	0.0	0.0
3	53129.0	0.0	0.0
3	53130.0	0.0	0.0
3	53131.0	0.0	0.0
3	53132.0	0.0	0.0
3	53133.0	0.0	0.0
3	53134.0	0.0	0.0
3	53135.0	0.0	0.0
3	53136.0	0.0	0.0
3	53137.0	0.0	0.0
3	53138.0	0.0	0.0
3	53139.0	0.0	0.0
3	53140.0	0.0	0.0
3	53141.0	0.0	0.0
3	53142.0	0.0	0.0
3	54110.0	0.0	0.0
3	54111.0	0.0	0.0
3	54112.0	0.0	0.0
3	54113.0	0.0	0.0
3	54114.0	0.0	0.0
3	54115.0	0.0	0.0
3	54116.0	0.0	0.0
3	54117.0	0.0	0.0
3	54118.0	0.0	0.0
3	54119.0	0.0	0.0
3	54120.0	0.0	0.0
3	54121.0	0.0	0.0
3	54122.0	0.0	0.0
3	54123.0	0.0	0.0
3	54124.0	0.0	0.0
3	54125.0	0.0	0.0
3	54126.0	0.0	0.0
3	54127.0	0.0	0.0
3	54128.0	0.0	0.0
3	54129.0	0.0	0.0
3	54130.0	0.0	0.0
3	54131.0	0.0	0.0
3	54132.0	0.0	0.0
3	54133.0	0.0	0.0
3	54134.0	0.0	0.0
3	54135.0	0.0	0.0
3	54136.0	0.0	0.0
3	54137.0	0.0	0.0
3	54138.0	0.0	0.0
3	54139.0	0.0	0.0
3	54140.0	0.0	0.0
3	54141.0	0.0	0.0
3	54142.0	0.0	0.0
3	54143.0	0.0	0.0
3	54144.0	0.0	0.0
3	54145.0	0.0	0.0
3	55114.0	0.0	0.0
3	55115.0	0.0	0.0
3	55116.0	0.0	0.0
3	55117.0	0.0	0.0
3	55118.0	0.0	0.0
3	55119.0	0.0	0.0
3	55120.0	0.0	0.0
3	55121.0	0.0	0.0
3	55122.0	0.0	0.0
3	55123.0	0.0	0.0
3	55124.0	0.0	0.0
3	55125.0	0.0	0.0
3	55126.0	0.0	0.0
3	55127.0	0.0	0.0
3	55128.0	0.0	0.0
3	55129.0	0.0	0.0
3	55130.0	0.0	0.0
3	55131.0	0.0	0.0
3	55132.0	0.0	0.0
3	55133.0	0.0	0.0
3	55134.0	0.0	0.0
3	55135.0	0.0	0.0
3	55136.0	0.0	0.0
3	55137.0	0.0	0.0
3	55138.0	0.0	0.0
3	55139.0	0.0	0.0
3	55140.0	0.0	0.0
3	55141.0	0.0	0.0
3	55142.0	0.0	0.0
3	55143.0	0.0	0.0
3	55144.0	0.0	0.0
3	55145.0	0.0	0.0
3	55146.0	0.0	0.0
3	55147.0	0.0	0.0
3	55148.0	0.0	0.0
3	56117.0	0.0	0.0
3	56118.0	0.0	0.0
3	56119.0	0.0	0.0
3	56120.0	0.0	0.0
3	56121.0	0.0	0.0
3	56122.0	0.0	0.0
3	56123.0	0.0	0.0
3	56124.0	0.0	0.0
3	56125.0	0.0	0.0
3	56126.0	0.0	0.0
3	56127.0	0.0	0.0
3	56128.0	0.0	0.0
3	56129.0	0.0	0.0
3	56130.0	0.0	0.0
3	56131.0	0.0	0.0
3	56132.0	0.0	0.0
3	56133.0	0.0	0.0
3	56134.0	0.0	0.0
3	56135.0	0.0	0.0
3	56136.0	0.0	0.0
3	56137.0	0.0	0.0
3	56138.0	0.0	0.0
3	56139.0	0.0	0.0
3	56140.0	0.0	0.0
3	56141.0	0.0	0.0
3	56142.0	0.0	0.0
3	56143.0	0.0	0.0
3	56144.0	0.0	0.0
3	56145.0	0.0	0.0
3	56146.0	0.0	0.0
3	56147.0	0.0	0.0
3	56148.0	0.0	0.0
3	57123.0	0.0	0.0
3	57124.0	0.0	0.0
3	57125.0	0.0	0.0
3	57126.0	0.0	0.0
3	57127.0	0.0	0.0
3	57128.0	0.0	0.0
3	57129.0	0.0	0.0
3	57130.0	0.0	0.0
3	57131.0	0.0	0.0
3	57132.0	0.0	0.0
3	57133.0	0.0	0.0
3	57134.0	0.0	0.0
3	57135.0	0.0	0.0
3	57136.0	0.0	0.0
3	57137.0	0.0	0.0
3	57138.0	0.0	0.0
3	57139.0	0.0	0.0
3	57140.0	0.0	0.0
3	57141.0	0.0	0.0
3	57142.0	0.0	0.0
3	57143.0	0.0	0.0
3	57144.0	0.0	0.0
3	57145.0	0.0	0.0
3	57146.0	0.0	0.0
3	57147.0	0.0	0.0
3	57148.0	0.0	0.0
3	57149.0	0.0	0.0
3	58124.0	0.0	0.0
3	58125.0	0.0	0.0
3	58126.0	0.0	0.0
3	58127.0	0.0	0.0
3	58128.0	0.0	0.0
3	58129.0	0.0	0.0
3	58130.0	0.0	0.0
3	58131.0	0.0	0.0
3	58132.0	0.0	0.0
3	58133.0	0.0	0.0
3	58134.0	0.0	0.0
3	58135.0	0.0	0.0
3	58136.0	0.0	0.0
3	58137.0	0.0	0.0
3	58138.0	0.0	0.0
3	58139.0	0.0	0.0
3	58140.0	0.0	0.0
3	58141.0	0.0	0.0
3	58142.0	0.0	0.0
3	58143.0	0.0	0.0
3	58144.0	0.0	0.0
3	58145.0	0.0	0.0
3	58146.0	0.0	0.0
3	58147.0	0.0	0.0
3	58148.0	0.0	0.0
3	58149.0	0.0	0.0
3	58150.0	0.0	0.0
3	58151.0	0.0	0.0
3	59129.0	0.0	0.0
3	59130.0	0.0	0.0
3	59131.0	0.0	0.0
3	59132.0	0.0	0.0
3	59133.0	0.0	0.0
3	59134.0	0.0	0.0
3	59135.0	0.0	0.0
3	59136.0	0.0	0.0
3	59137.0	0.0	0.0
3	59138.0	0.0	0.0
3	59139.0	0.0	0.0
3	59140.0	0.0	0.0
3	59141.0	0.0	0.0
3	59142.0	0.0	0.0
3	59143.0	0.0	0.0
3	59144.0	0.0	0.0
3	59145.0	0.0	0.0
3	59146.0	0.0	0.0
3	59147.0	0.0	0.0
3	59148.0	0.0	0.0
3	59149.0	0.0	0.0
3	59150.0	0.0	0.0
3	59151.0	0.0	0.0
3	59152.0	0.0	0.0
3	60129.0	0.0	0.0
3	60130.0	0.0	0.0
3	60131.0	0.0	0.0
3	60132.0	0.0	0.0
3	60133.0	0.0	0.0
3	60134.0	0.0	0.0
3	60135.0	0.0	0.0
3	60136.0	0.0	0.0
3	60137.0	0.0	0.0
3	60138.0	0.0	0.0
3	60139.0	0.0	0.0
3	60140.0	0.0	0.0
3	60141.0	0.0	0.0
3	60142.0	0.0	0.0
3	60143.0	0.0	0.0
3	60144.0	0.0	0.0
3	60145.0	0.0	0.0
3	60146.0	0.0	0.0
3	60147.0	0.0	0.0
3	60148.0	0.0	0.0
3	60149.0	0.0	0.0
3	60150.0	0.0	0.0
3	60151.0	0.0	0.0
3	60152.0	0.0	0.0
3	60153.0	0.0	0.0
3	60154.0	0.0	0.0
3	61132.0	0.0	0.0
3	61133.0	0.0	0.0
3	61134.0	0.0	0.0
3	61135.0	0.0	0.0
3	61136.0	0.0	0.0
3	61137.0	0.0	0.0
3	61138.0	0.0	0.0
3	61139.0	0.0	0.0
3	61140.0	0.0	0.0
3	61141.0	0.0	0.0
3	61142.0	0.0	0.0
3	61143.0	0.0	0.0
3	61144.0	0.0	0.0
3	61145.0	0.0	0.0
3	61146.0	0.0	0.0
3	61147.0	0.0	0.0
3	61148.0	0.0	0.0
3	61149.0	0.0	0.0
3	61150.0	0.0	0.0
3	61151.0	0.0	0.0
3	61152.0	0.0	0.0
3	61153.0	0.0	0.0
3	61154.0	0.0	0.0
3	61155.0	0.0	0.0
3	62133.0	0.0	0.0
3	62134.0	0.0	0.0
3	62135.0	0.0	0.0
3	62136.0	0.0	0.0
3	62137.0	0.0	0.0
3	62138.0	0.0	0.0
3	62139.0	0.0	0.0
3	62140.0	0.0	0.0
3	62141.0	0.0	0.0
3	62142.0	0.0	0.0
3	62143.0	0.0	0.0
3	62144.0	0.0	0.0
3	62145.0	0.0	0.0
3	62146.0	0.0	0.0
3	62147.0	0.0	0.0
3	62148.0	0.0	0.0
3	62149.0	0.0	0.0
3	62150.0	0.0	0.0
3	62151.0	0.0	0.0
3	62152.0	0.0	0.0
3	62153.0	0.0	0.0
3	62154.0	0.0	0.0
3	62155.0	0.0	0.0
3	62156.0	0.0	0.0
3	62157.0	0.0	0.0
3	62158.0	0.0	0.0
3	63138.0	0.0	0.0
3	63139.0	0.0	0.0
3	63140.0	0.0	0.0
3	63141.0	0.0	0.0
3	63142.0	0.0	0.0
3	63143.0	0.0	0.0
3	63144.0	0.0	0.0
3	63145.0	0.0	0.0
3	63146.0	0.0	0.0
3	63147.0	0.0	0.0
3	63148.0	0.0	0.0
3	63149.0	0.0	0.0
3	63150.0	0.0	0.0
3	63151.0	0.0	0.0
3	63152.0	0.0	0.0
3	63153.0	0.0	0.0
3	63154.0	0.0	0.0
3	63155.0	0.0	0.0
3	63156.0	0.0	0.0
3	63157.0	0.0	0.0
3	63158.0	0.0	0.0
3	63159.0	0.0	0.0
3	63160.0	0.0	0.0
3	64142.0	0.0	0.0
3	64143.0	0.0	0.0
3	64144.0	0.0	0.0
3	64145.0	0.0	0.0
3	64146.0	0.0	0.0
3	64147.0	0.0	0.0
3	64148.0	0.0	0.0
3	64149.0	0.0	0.0
3	64150.0	0.0	0.0
3	64151.0	0.0	0.0
3	64152.0	0.0	0.0
3	64153.0	0.0	0.0
3	64154.0	0.0	0.0
3	64155.0	0.0	0.0
3	64156.0	0.0	0.0
3	64157.0	0.0	0.0
3	64158.0	0.0	0.0
3	64159.0	0.0	0.0
3	64160.0	0.0	0.0
3	64161.0	0.0	0.0
3	64162.0	0.0	0.0
3	64163.0	0.0	0.0
3	65144.0	0.0	0.0
3	65145.0	0.0	0.0
3	65146.0	0.0	0.0
3	65147.0	0.0	0.0
3	65148.0	0.0	0.0
3	65149.0	0.0	0.0
3	65150.0	0.0	0.0
3	65151.0	0.0	0.0
3	65152.0	0.0	0.0
3	65153.0	0.0	0.0
3	65154.0	0.0	0.0
3	65155.0	0.0	0.0
3	65156.0	0.0	0.0
3	65157.0	0.0	0.0
3	65158.0	0.0	0.0
3	65159.0	0.0	0.0
3	65160.0	0.0	0.0
3	65161.0	0.0	0.0
3	65162.0	0.0	0.0
3	65163.0	0.0	0.0
3	65164.0	0.0	0.0
3	65165.0	0.0	0.0
3	66145.0	0.0	0.0
3	66146.0	0.0	0.0
3	66147.0	0.0	0.0
3	66148.0	0.0	0.0
3	66149.0	0.0	0.0
3	66150.0	0.0	0.0
3	66151.0	0.0	0.0
3	66152.0	0.0	0.0
3	66153.0	0.0	0.0
3	66154.0	0.0	0.0
3	66155.0	0.0	0.0
3	66156.0	0.0	0.0
3	66157.0	0.0	0.0
3	66158.0	0.0	0.0
3	66159.0	0.0	0.0
3	66160.0	0.0	0.0
3	66161.0	0.0	0.0
3	66162.0	0.0	0.0
3	66163.0	0.0	0.0
3	66164.0	0.0	0.0
3	66165.0	0.0	0.0
3	66166.0	0.0	0.0
3	66167.0	0.0	0.0
3	66168.0	0.0	0.0
3	67147.0	0.0	0.0
3	67148.0	0.0	0.0
3	67149.0	0.0	0.0
3	67150.0	0.0	0.0
3	67151.0	0.0	0.0
3	67152.0	0.0	0.0
3	67153.0	0.0	0.0
3	67154.0	0.0	0.0
3	67155.0	0.0	0.0
3	67156.0	0.0	0.0
3	67157.0	0.0	0.0
3	67158.0	0.0	0.0
3	67159.0	0.0	0.0
3	67160.0	0.0	0.0
3	67161.0	0.0	0.0
3	67162.0	0.0	0.0
3	67163.0	0.0	0.0
3	67164.0	0.0	0.0
3	67165.0	0.0	0.0
3	67166.0	0.0	0.0
3	67167.0	0.0	0.0
3	67168.0	0.0	0.0
3	67169.0	0.0	0.0
3	67170.0	0.0	0.0
3	68147.0	0.0	0.0
3	68148.0	0.0	0.0
3	68149.0	0.0	0.0
3	68150.0	0.0	0.0
3	68151.0	0.0	0.0
3	68152.0	0.0	0.0
3	68153.0	0.0	0.0
3	68154.0	0.0	0.0
3	68155.0	0.0	0.0
3	68156.0	0.0	0.0
3	68157.0	0.0	0.0
3	68158.0	0.0	0.0
3	68159.0	0.0	0.0
3	68160.0	0.0	0.0
3	68161.0	0.0	0.0
3	68162.0	0.0	0.0
3	68163.0	0.0	0.0
3	68164.0	0.0	0.0
3	68165.0	0.0	0.0
3	68166.0	0.0	0.0
3	68167.0	0.0	0.0
3	68168.0	0.0	0.0
3	68169.0	0.0	0.0
3	68170.0	0.0	0.0
3	68171.0	0.0	0.0
3	68172.0	0.0	0.0
3	68173.0	0.0	0.0
3	69151.0	0.0	0.0
3	69152.0	0.0	0.0
3	69153.0	0.0	0.0
3	69154.0	0.0	0.0
3	69155.0	0.0	0.0
3	69156.0	0.0	0.0
3	69157.0	0.0	0.0
3	69158.0	0.0	0.0
3	69159.0	0.0	0.0
3	69160.0	0.0	0.0
3	69161.0	0.0	0.0
3	69162.0	0.0	0.0
3	69163.0	0.0	0.0
3	69164.0	0.0	0.0
3	69165.0	0.0	0.0
3	69166.0	0.0	0.0
3	69167.0	0.0	0.0
3	69168.0	0.0	0.0
3	69169.0	0.0	0.0
3	69170.0	0.0	0.0
3	69171.0	0.0	0.0
3	69172.0	0.0	0.0
3	69173.0	0.0	0.0
3	69174.0	0.0	0.0
3	69175.0	0.0	0.0
3	69176.0	0.0	0.0
3	70153.0	0.0	0.0
3	70154.0	0.0	0.0
3	70155.0	0.0	0.0
3	70156.0	0.0	0.0
3	70157.0	0.0	0.0
3	70158.0	0.0	0.0
3	70159.0	0.0	0.0
3	70160.0	0.0	0.0
3	70161.0	0.0	0.0
3	70162.0	0.0	0.0
3	70163.0	0.0	0.0
3	70164.0	0.0	0.0
3	70165.0	0.0	0.0
3	70166.0	0.0	0.0
3	70167.0	0.0	0.0
3	70168.0	0.0	0.0
3	70169.0	0.0	0.0
3	70170.0	0.0	0.0
3	70171.0	0.0	0.0
3	70172.0	0.0	0.0
3	70173.0	0.0	0.0
3	70174.0	0.0	0.0
3	70175.0	0.0	0.0
3	70176.0	0.0	0.0
3	70177.0	0.0	0.0
3	70178.0	0.0	0.0
3	70179.0	0.0	0.0
3	71151.0	0.0	0.0
3	71152.0	0.0	0.0
3	71153.0	0.0	0.0
3	71154.0	0.0	0.0
3	71155.0	0.0	0.0
3	71156.0	0.0	0.0
3	71157.0	0.0	0.0
3	71158.0	0.0	0.0
3	71159.0	0.0	0.0
3	71160.0	0.0	0.0
3	71161.0	0.0	0.0
3	71162.0	0.0	0.0
3	71163.0	0.0	0.0
3	71164.0	0.0	0.0
3	71165.0	0.0	0.0
3	71166.0	0.0	0.0
3	71167.0	0.0	0.0
3	71168.0	0.0	0.0
3	71169.0	0.0	0.0
3	71170.0	0.0	0.0
3	71171.0	0.0	0.0
3	71172.0	0.0	0.0
3	71173.0	0.0	0.0
3	71174.0	0.0	0.0
3	71175.0	0.0	0.0
3	71176.0	0.0	0.0
3	71177.0	0.0	0.0
3	71178.0	0.0	0.0
3	71179.0	0.0	0.0
3	71180.0	0.0	0.0
3	71181.0	0.0	0.0
3	71182.0	0.0	0.0
3	71183.0	0.0	0.0
3	72154.0	0.0	0.0
3	72155.0	0.0	0.0
3	72156.0	0.0	0.0
3	72157.0	0.0	0.0
3	72158.0	0.0	0.0
3	72159.0	0.0	0.0
3	72160.0	0.0	0.0
3	72161.0	0.0	0.0
3	72162.0	0.0	0.0
3	72163.0	0.0	0.0
3	72164.0	0.0	0.0
3	72165.0	0.0	0.0
3	72166.0	0.0	0.0
3	72167.0	0.0	0.0
3	72168.0	0.0	0.0
3	72169.0	0.0	0.0
3	72170.0	0.0	0.0
3	72171.0	0.0	0.0
3	72172.0	0.0	0.0
3	72173.0	0.0	0.0
3	72174.0	0.0	0.0
3	72175.0	0.0	0.0
3	72176.0	0.0	0.0
3	72177.0	0.0	0.0
3	72178.0	0.0	0.0
3	72179.0	0.0	0.0
3	72180.0	0.0	0.0
3	72181.0	0.0	0.0
3	72182.0	0.0	0.0
3	72183.0	0.0	0.0
3	72184.0	0.0	0.0
3	73157.0	0.0	0.0
3	73158.0	0.0	0.0
3	73159.0	0.0	0.0
3	73160.0	0.0	0.0
3	73161.0	0.0	0.0
3	73162.0	0.0	0.0
3	73163.0	0.0	0.0
3	73164.0	0.0	0.0
3	73165.0	0.0	0.0
3	73166.0	0.0	0.0
3	73167.0	0.0	0.0
3	73168.0	0.0	0.0
3	73169.0	0.0	0.0
3	73170.0	0.0	0.0
3	73171.0	0.0	0.0
3	73172.0	0.0	0.0
3	73173.0	0.0	0.0
3	73174.0	0.0	0.0
3	73175.0	0.0	0.0
3	73176.0	0.0	0.0
3	73177.0	0.0	0.0
3	73178.0	0.0	0.0
3	73179.0	0.0	0.0
3	73180.0	0.0	0.0
3	73181.0	0.0	0.0
3	73182.0	0.0	0.0
3	73183.0	0.0	0.0
3	73184.0	0.0	0.0
3	73185.0	0.0	0.0
3	73186.0	0.0	0.0
3	74158.0	0.0	0.0
3	74159.0	0.0	0.0
3	74160.0	0.0	0.0
3	74161.0	0.0	0.0
3	74162.0	0.0	0.0
3	74163.0	0.0	0.0
3	74164.0	0.0	0.0
3	74165.0	0.0	0.0
3	74166.0	0.0	0.0
3	74167.0	0.0	0.0
3	74168.0	0.0	0.0
3	74169.0	0.0	0.0
3	74170.0	0.0	0.0
3	74171.0	0.0	0.0
3	74172.0	0.0	0.0
3	74173.0	0.0	0.0
3	74174.0	0.0	0.0
3	74175.0	0.0	0.0
3	74176.0	0.0	0.0
3	74177.0	0.0	0.0
3	74178.0	0.0	0.0
3	74179.0	0.0	0.0
3	74180.0	0.0	0.0
3	74181.0	0.0	0.0
3	74182.0	0.0	0.0
3	74183.0	0.0	0.0
3	74184.0	0.0	0.0
3	74185.0	0.0	0.0
3	74186.0	0.0	0.0
3	74187.0	0.0	0.0
3	74188.0	0.0	0.0
3	74189.0	0.0	0.0
3	74190.0	0.0	0.0
3	75161.0	0.0	0.0
3	75162.0	0.0	0.0
3	75163.0	0.0	0.0
3	75164.0	0.0	0.0
3	75165.0	0.0	0.0
3	75166.0	0.0	0.0
3	75167.0	0.0	0.0
3	75168.0	0.0	0.0
3	75169.0	0.0	0.0
3	75170.0	0.0	0.0
3	75171.0	0.0	0.0
3	75172.0	0.0	0.0
3	75173.0	0.0	0.0
3	75174.0	0.0	0.0
3	75175.0	0.0	0.0
3	75176.0	0.0	0.0
3	75177.0	0.0	0.0
3	75178.0	0.0	0.0
3	75179.0	0.0	0.0
3	75180.0	0.0	0.0
3	75181.0	0.0	0.0
3	75182.0	0.0	0.0
3	75183.0	0.0	0.0
3	75184.0	0.0	0.0
3	75185.0	0.0	0.0
3	75186.0	0.0	0.0
3	75187.0	0.0	0.0
3	75188.0	0.0	0.0
3	75189.0	0.0	0.0
3	75190.0	0.0	0.0
3	75191.0	0.0	0.0
3	75192.0	0.0	0.0
3	76163.0	0.0	0.0
3	76164.0	0.0	0.0
3	76165.0	0.0	0.0
3	76166.0	0.0	0.0
3	76167.0	0.0	0.0
3	76168.0	0.0	0.0
3	76169.0	0.0	0.0
3	76170.0	0.0	0.0
3	76171.0	0.0	0.0
3	76172.0	0.0	0.0
3	76173.0	0.0	0.0
3	76174.0	0.0	0.0
3	76175.0	0.0	0.0
3	76176.0	0.0	0.0
3	76177.0	0.0	0.0
3	76178.0	0.0	0.0
3	76179.0	0.0	0.0
3	76180.0	0.0	0.0
3	76181.0	0.0	0.0
3	76182.0	0.0	0.0
3	76183.0	0.0	0.0
3	76184.0	0.0	0.0
3	76185.0	0.0	0.0
3	76186.0	0.0	0.0
3	76187.0	0.0	0.0
3	76188.0	0.0	0.0
3	76189.0	0.0	0.0
3	76190.0	0.0	0.0
3	76191.0	0.0	0.0
3	76192.0	0.0	0.0
3	76193.0	0.0	0.0
3	76194.0	0.0	0.0
3	76195.0	0.0	0.0
3	76196.0	0.0	0.0
3	77166.0	0.0	0.0
3	77167.0	0.0	0.0
3	77168.0	0.0	0.0
3	77169.0	0.0	0.0
3	77170.0	0.0	0.0
3	77171.0	0.0	0.0
3	77172.0	0.0	0.0
3	77173.0	0.0	0.0
3	77174.0	0.0	0.0
3	77175.0	0.0	0.0
3	77176.0	0.0	0.0
3	77177.0	0.0	0.0
3	77178.0	0.0	0.0
3	77179.0	0.0	0.0
3	77180.0	0.0	0.0
3	77181.0	0.0	0.0
3	77182.0	0.0	0.0
3	77183.0	0.0	0.0
3	77184.0	0.0	0.0
3	77185.0	0.0	0.0
3	77186.0	0.0	0.0
3	77187.0	0.0	0.0
3	77188.0	0.0	0.0
3	77189.0	0.0	0.0
3	77190.0	0.0	0.0
3	77191.0	0.0	0.0
3	77192.0	0.0	0.0
3	77193.0	0.0	0.0
3	77194.0	0.0	0.0
3	77195.0	0.0	0.0
3	77196.0	0.0	0.0
3	77197.0	0.0	0.0
3	77198.0	0.0	0.0
3	78168.0	0.0	0.0
3	78169.0	0.0	0.0
3	78170.0	0.0	0.0
3	78171.0	0.0	0.0
3	78172.0	0.0	0.0
3	78173.0	0.0	0.0
3	78174.0	0.0	0.0
3	78175.0	0.0	0.0
3	78176.0	0.0	0.0
3	78177.0	0.0	0.0
3	78178.0	0.0	0.0
3	78179.0	0.0	0.0
3	78180.0	0.0	0.0
3	78181.0	0.0	0.0
3	78182.0	0.0	0.0
3	78183.0	0.0	0.0
3	78184.0	0.0	0.0
3	78185.0	0.0	0.0
3	78186.0	0.0	0.0
3	78187.0	0.0	0.0
3	78188.0	0.0	0.0
3	78189.0	0.0	0.0
3	78190.0	0.0	0.0
3	78191.0	0.0	0.0
3	78192.0	0.0	0.0
3	78193.0	0.0	0.0
3	78194.0	0.0	0.0
3	78195.0	0.0	0.0
3	78196.0	0.0	0.0
3	78197.0	0.0	0.0
3	78198.0	0.0	0.0
3	78199.0	0.0	0.0
3	78200.0	0.0	0.0
3	78201.0	0.0	0.0
3	79175.0	0.0	0.0
3	79176.0	0.0	0.0
3	79177.0	0.0	0.0
3	79178.0	0.0	0.0
3	79179.0	0.0	0.0
3	79180.0	0.0	0.0
3	79181.0	0.0	0.0
3	79182.0	0.0	0.0
3	79183.0	0.0	0.0
3	79184.0	0.0	0.0
3	79185.0	0.0	0.0
3	79186.0	0.0	0.0
3	79187.0	0.0	0.0
3	79188.0	0.0	0.0
3	79189.0	0.0	0.0
3	79190.0	0.0	0.0
3	79191.0	0.0	0.0
3	79192.0	0.0	0.0
3	79193.0	0.0	0.0
3	79194.0	0.0	0.0
3	79195.0	0.0	0.0
3	79196.0	0.0	0.0
3	79197.0	0.0	0.0
3	79198.0	0.0	0.0
3	79199.0	0.0	0.0
3	79200.0	0.0	0.0
3	79201.0	0.0	0.0
3	79202.0	0.0	0.0
3	79203.0	0.0	0.0
3	79204.0	0.0	0.0
3	80177.0	0.0	0.0
3	80178.0	0.0	0.0
3	80179.0	0.0	0.0
3	80180.0	0.0	0.0
3	80181.0	0.0	0.0
3	80182.0	0.0	0.0
3	80183.0	0.0	0.0
3	80184.0	0.0	0.0
3	80185.0	0.0	0.0
3	80186.0	0.0	0.0
3	80187.0	0.0	0.0
3	80188.0	0.0	0.0
3	80189.0	0.0	0.0
3	80190.0	0.0	0.0
3	80191.0	0.0	0.0
3	80192.0	0.0	0.0
3	80193.0	0.0	0.0
3	80194.0	0.0	0.0
3	80195.0	0.0	0.0
3	80196.0	0.0	0.0
3	80197.0	0.0	0.0
3	80198.0	0.0	0.0
3	80199.0	0.0	0.0
3	80200.0	0.0	0.0
3	80201.0	0.0	0.0
3	80202.0	0.0	0.0
3	80203.0	0.0	0.0
3	80204.0	0.0	0.0
3	80205.0	0.0	0.0
3	80206.0	0.0	0.0
3	total	0.00417876	0.0015
