1.0000E-03   0.00000E+00
1.1066E-03   4.76353E-06
1.2245E-03   5.61964E-06
1.3550E-03   6.73675E-06
1.4994E-03   8.18077E-06
1.6592E-03   1.01446E-05
1.8360E-03   1.22894E-05
2.0317E-03   1.54093E-05
2.2482E-03   1.90003E-05
2.4878E-03   2.35985E-05
2.7529E-03   2.96467E-05
3.0463E-03   3.73707E-05
3.3710E-03   2.17592E-05
3.7302E-03   1.65213E-05
4.1277E-03   1.85513E-05
4.5676E-03   2.28766E-05
5.0544E-03   2.75093E-05
5.5931E-03   3.40681E-05
6.1891E-03   4.38951E-05
6.8487E-03   5.55444E-05
7.5786E-03   7.13330E-05
8.3862E-03   9.16905E-05
9.2800E-03   1.17066E-04
1.0269E-02   1.52775E-04
1.1363E-02   1.93967E-04
1.2574E-02   2.50176E-04
1.3914E-02   4.52450E-03
1.5397E-02   4.17492E-04
1.7038E-02   2.37557E-04
1.8854E-02   2.86831E-04
2.0863E-02   2.50040E-04
2.3087E-02   3.16759E-04
2.5547E-02   4.02988E-04
2.8270E-02   5.26445E-04
3.1282E-02   6.88687E-04
3.4616E-02   9.11361E-04
3.8305E-02   1.17041E-03
4.2388E-02   1.54076E-03
4.6905E-02   2.04058E-03
5.1903E-02   2.82224E-03
5.7435E-02   6.46934E-03
6.3556E-02   9.95287E-03
7.0329E-02   9.61181E-03
7.7824E-02   5.79083E-03
8.6118E-02   2.79382E-02
9.5296E-02   4.36133E-02
1.0545E-01   2.62048E-02
1.1669E-01   5.26647E-03
1.2913E-01   7.19088E-03
1.4289E-01   9.83465E-03
1.5811E-01   1.33056E-02
1.7496E-01   1.80622E-02
1.9361E-01   2.39343E-02
2.1424E-01   3.05144E-02
2.3708E-01   3.77760E-02
2.6234E-01   4.51812E-02
2.9030E-01   5.17749E-02
3.2124E-01   5.77617E-02
3.5547E-01   6.31166E-02
3.9335E-01   6.81430E-02
4.3528E-01   7.17375E-02
4.8166E-01   7.47880E-02
5.3299E-01   1.35752E-01
5.8980E-01   7.71980E-02
6.5265E-01   7.84687E-02
7.2221E-01   7.89518E-02
7.9917E-01   7.93417E-02
8.8434E-01   7.90655E-02
9.7859E-01   7.88562E-02
1.0829E+00   7.82410E-02
1.1983E+00   7.78290E-02
1.3260E+00   7.67847E-02
1.4673E+00   7.56271E-02
1.6237E+00   7.46326E-02
1.7967E+00   7.32675E-02
1.9882E+00   7.19229E-02
2.2001E+00   7.05111E-02
2.4345E+00   6.87122E-02
2.6940E+00   6.69765E-02
2.9811E+00   6.53306E-02
3.2988E+00   6.29051E-02
3.6503E+00   6.10741E-02
4.0393E+00   5.90568E-02
4.4698E+00   5.66953E-02
4.9462E+00   5.45519E-02
5.4733E+00   5.19015E-02
6.0566E+00   4.96308E-02
6.7021E+00   4.72309E-02
7.4163E+00   4.46297E-02
8.2067E+00   4.19376E-02
9.0813E+00   3.92963E-02
1.0049E+01   3.65375E-02
1.1120E+01   3.34233E-02
1.2305E+01   3.05483E-02
1.3616E+01   2.73395E-02
1.5068E+01   2.40026E-02
1.6673E+01   2.04238E-02
1.8450E+01   1.65272E-02
2.0416E+01   1.22748E-02
2.2592E+01   7.13125E-03
2.5000E+01   1.61039E-03