1.0000E-03   0.00000E+00
1.1066E-03   1.13199E-06
1.2245E-03   1.31833E-06
1.3550E-03   1.58939E-06
1.4994E-03   1.93230E-06
1.6592E-03   2.36501E-06
1.8360E-03   2.95187E-06
2.0317E-03   3.52201E-06
2.2482E-03   4.50681E-06
2.4878E-03   5.61767E-06
2.7529E-03   6.88197E-06
3.0463E-03   8.78933E-06
3.3710E-03   4.99554E-06
3.7302E-03   3.93075E-06
4.1277E-03   4.39546E-06
4.5676E-03   5.46756E-06
5.0544E-03   6.48291E-06
5.5931E-03   7.88298E-06
6.1891E-03   1.03379E-05
6.8487E-03   1.30045E-05
7.5786E-03   1.68162E-05
8.3862E-03   2.17897E-05
9.2800E-03   2.70828E-05
1.0269E-02   3.54230E-05
1.1363E-02   4.70432E-05
1.2574E-02   5.89821E-05
1.3914E-02   1.12523E-03
1.5397E-02   9.72377E-05
1.7038E-02   5.64561E-05
1.8854E-02   6.57789E-05
2.0863E-02   5.75727E-05
2.3087E-02   7.33580E-05
2.5547E-02   9.43163E-05
2.8270E-02   1.22287E-04
3.1282E-02   1.59277E-04
3.4616E-02   2.03310E-04
3.8305E-02   2.64676E-04
4.2388E-02   3.46174E-04
4.6905E-02   4.42584E-04
5.1903E-02   5.83133E-04
5.7435E-02   7.54525E-04
6.3556E-02   1.02016E-03
7.0329E-02   1.51846E-03
7.7824E-02   1.94032E-03
8.6118E-02   9.44799E-03
9.5296E-02   1.48270E-02
1.0545E-01   9.10834E-03
1.1669E-01   1.12785E-03
1.2913E-01   1.51720E-03
1.4289E-01   2.13706E-03
1.5811E-01   2.90243E-03
1.7496E-01   4.02381E-03
1.9361E-01   5.54637E-03
2.1424E-01   7.49064E-03
2.3708E-01   9.80818E-03
2.6234E-01   1.25472E-02
2.9030E-01   1.54833E-02
3.2124E-01   1.82593E-02
3.5547E-01   2.11062E-02
3.9335E-01   2.36973E-02
4.3528E-01   2.61435E-02
4.8166E-01   2.80293E-02
5.3299E-01   5.04899E-02
5.8980E-01   3.07027E-02
6.5265E-01   3.18354E-02
7.2221E-01   3.26203E-02
7.9917E-01   3.33593E-02
8.8434E-01   3.37608E-02
9.7859E-01   3.41282E-02
1.0829E+00   3.43335E-02
1.1983E+00   3.46244E-02
1.3260E+00   3.44702E-02
1.4673E+00   3.43370E-02
1.6237E+00   3.42172E-02
1.7967E+00   3.38687E-02
1.9882E+00   3.35077E-02
2.2001E+00   3.31680E-02
2.4345E+00   3.24842E-02
2.6940E+00   3.19052E-02
2.9811E+00   3.13534E-02
3.2988E+00   3.02731E-02
3.6503E+00   2.95543E-02
4.0393E+00   2.87931E-02
4.4698E+00   2.78099E-02
4.9462E+00   2.68318E-02
5.4733E+00   2.57852E-02
6.0566E+00   2.46992E-02
6.7021E+00   2.36653E-02
7.4163E+00   2.24593E-02
8.2067E+00   2.12837E-02
9.0813E+00   2.00790E-02
1.0049E+01   1.87876E-02
1.1120E+01   1.74013E-02
1.2305E+01   1.60780E-02
1.3616E+01   1.46218E-02
1.5068E+01   1.31231E-02
1.6673E+01   1.15583E-02
1.8450E+01   9.75105E-03
2.0416E+01   7.74011E-03
2.2592E+01   4.95656E-03
2.5000E+01   1.27844E-03