1.0000E-03   0.00000E+00
1.1066E-03   2.83967E-06
1.2245E-03   3.40391E-06
1.3550E-03   3.98275E-06
1.4994E-03   4.91168E-06
1.6592E-03   6.06916E-06
1.8360E-03   7.45887E-06
2.0317E-03   9.13917E-06
2.2482E-03   1.12163E-05
2.4878E-03   1.42386E-05
2.7529E-03   1.74634E-05
3.0463E-03   2.20820E-05
3.3710E-03   1.28581E-05
3.7302E-03   1.00441E-05
4.1277E-03   1.10395E-05
4.5676E-03   1.38132E-05
5.0544E-03   1.64309E-05
5.5931E-03   2.07390E-05
6.1891E-03   2.59380E-05
6.8487E-03   3.30288E-05
7.5786E-03   4.28734E-05
8.3862E-03   5.40315E-05
9.2800E-03   7.01005E-05
1.0269E-02   8.96507E-05
1.1363E-02   1.16296E-04
1.2574E-02   1.49329E-04
1.3914E-02   2.72120E-03
1.5397E-02   2.48883E-04
1.7038E-02   1.44825E-04
1.8854E-02   1.69892E-04
2.0863E-02   1.48191E-04
2.3087E-02   1.87173E-04
2.5547E-02   2.44147E-04
2.8270E-02   3.18047E-04
3.1282E-02   4.16055E-04
3.4616E-02   5.27224E-04
3.8305E-02   6.90804E-04
4.2388E-02   8.94766E-04
4.6905E-02   1.14756E-03
5.1903E-02   1.52387E-03
5.7435E-02   2.18354E-03
6.3556E-02   2.98353E-03
7.0329E-02   4.25150E-03
7.7824E-02   4.65439E-03
8.6118E-02   2.16533E-02
9.5296E-02   3.37615E-02
1.0545E-01   2.04004E-02
1.1669E-01   3.02484E-03
1.2913E-01   4.09092E-03
1.4289E-01   5.57600E-03
1.5811E-01   7.62943E-03
1.7496E-01   1.04541E-02
1.9361E-01   1.41864E-02
2.1424E-01   1.84821E-02
2.3708E-01   2.32947E-02
2.6234E-01   2.84519E-02
2.9030E-01   3.31939E-02
3.2124E-01   3.77585E-02
3.5547E-01   4.19624E-02
3.9335E-01   4.58467E-02
4.3528E-01   4.90137E-02
4.8166E-01   5.17508E-02
5.3299E-01   9.33384E-02
5.8980E-01   5.45725E-02
6.5265E-01   5.59550E-02
7.2221E-01   5.67463E-02
7.9917E-01   5.73894E-02
8.8434E-01   5.75419E-02
9.7859E-01   5.75857E-02
1.0829E+00   5.74099E-02
1.1983E+00   5.75088E-02
1.3260E+00   5.69880E-02
1.4673E+00   5.63400E-02
1.6237E+00   5.58205E-02
1.7967E+00   5.50069E-02
1.9882E+00   5.41428E-02
2.2001E+00   5.32543E-02
2.4345E+00   5.20372E-02
2.6940E+00   5.09010E-02
2.9811E+00   4.97073E-02
3.2988E+00   4.79983E-02
3.6503E+00   4.66275E-02
4.0393E+00   4.52659E-02
4.4698E+00   4.36208E-02
4.9462E+00   4.20284E-02
5.4733E+00   4.00785E-02
6.0566E+00   3.84309E-02
6.7021E+00   3.66687E-02
7.4163E+00   3.47702E-02
8.2067E+00   3.27880E-02
9.0813E+00   3.07735E-02
1.0049E+01   2.87504E-02
1.1120E+01   2.64497E-02
1.2305E+01   2.42966E-02
1.3616E+01   2.18508E-02
1.5068E+01   1.93863E-02
1.6673E+01   1.67334E-02
1.8450E+01   1.38163E-02
2.0416E+01   1.05484E-02
2.2592E+01   6.36129E-03
2.5000E+01   1.50144E-03