1.0000E-03   0.00000E+00
1.1066E-03   1.75719E-06
1.2245E-03   2.11568E-06
1.3550E-03   2.50096E-06
1.4994E-03   3.04755E-06
1.6592E-03   3.76781E-06
1.8360E-03   4.61753E-06
2.0317E-03   5.69785E-06
2.2482E-03   7.10620E-06
2.4878E-03   8.73234E-06
2.7529E-03   1.09316E-05
3.0463E-03   1.36859E-05
3.3710E-03   8.07057E-06
3.7302E-03   6.11306E-06
4.1277E-03   6.87700E-06
4.5676E-03   8.54460E-06
5.0544E-03   1.01585E-05
5.5931E-03   1.29464E-05
6.1891E-03   1.62305E-05
6.8487E-03   2.07775E-05
7.5786E-03   2.62913E-05
8.3862E-03   3.38288E-05
9.2800E-03   4.33993E-05
1.0269E-02   5.52845E-05
1.1363E-02   7.25331E-05
1.2574E-02   9.23982E-05
1.3914E-02   1.75037E-03
1.5397E-02   1.55008E-04
1.7038E-02   8.87913E-05
1.8854E-02   1.09190E-04
2.0863E-02   9.17027E-05
2.3087E-02   1.16745E-04
2.5547E-02   1.53617E-04
2.8270E-02   1.96609E-04
3.1282E-02   2.51873E-04
3.4616E-02   3.24974E-04
3.8305E-02   4.20076E-04
4.2388E-02   5.45029E-04
4.6905E-02   7.16194E-04
5.1903E-02   9.37686E-04
5.7435E-02   1.24000E-03
6.3556E-02   1.65468E-03
7.0329E-02   2.50722E-03
7.7824E-02   3.11235E-03
8.6118E-02   1.48129E-02
9.5296E-02   2.31687E-02
1.0545E-01   1.40645E-02
1.1669E-01   1.85217E-03
1.2913E-01   2.48606E-03
1.4289E-01   3.39316E-03
1.5811E-01   4.67667E-03
1.7496E-01   6.38445E-03
1.9361E-01   8.83184E-03
2.1424E-01   1.16283E-02
2.3708E-01   1.50304E-02
2.6234E-01   1.87516E-02
2.9030E-01   2.23370E-02
3.2124E-01   2.60242E-02
3.5547E-01   2.93246E-02
3.9335E-01   3.24281E-02
4.3528E-01   3.53327E-02
4.8166E-01   3.75950E-02
5.3299E-01   6.83194E-02
5.8980E-01   4.04024E-02
6.5265E-01   4.16963E-02
7.2221E-01   4.24289E-02
7.9917E-01   4.32176E-02
8.8434E-01   4.34695E-02
9.7859E-01   4.37687E-02
1.0829E+00   4.38866E-02
1.1983E+00   4.40897E-02
1.3260E+00   4.37433E-02
1.4673E+00   4.35012E-02
1.6237E+00   4.31446E-02
1.7967E+00   4.26464E-02
1.9882E+00   4.20634E-02
2.2001E+00   4.15892E-02
2.4345E+00   4.06372E-02
2.6940E+00   3.98205E-02
2.9811E+00   3.90884E-02
3.2988E+00   3.77508E-02
3.6503E+00   3.66642E-02
4.0393E+00   3.57114E-02
4.4698E+00   3.44251E-02
4.9462E+00   3.32170E-02
5.4733E+00   3.18088E-02
6.0566E+00   3.05036E-02
6.7021E+00   2.91461E-02
7.4163E+00   2.76604E-02
8.2067E+00   2.61966E-02
9.0813E+00   2.46640E-02
1.0049E+01   2.30415E-02
1.1120E+01   2.12591E-02
1.2305E+01   1.96129E-02
1.3616E+01   1.77634E-02
1.5068E+01   1.58379E-02
1.6673E+01   1.38099E-02
1.8450E+01   1.15620E-02
2.0416E+01   9.03055E-03
2.2592E+01   5.62922E-03
2.5000E+01   1.38703E-03